timestamp,user,src_ip,dest_computer,logon_type
2026-08-25 08:01:16,david,10.10.10.13,APP01,3
2026-08-25 08:04:56,admin,10.10.10.13,APP01,3
2026-08-25 08:12:57,admin,10.10.10.12,DC01,3
2026-08-25 08:19:31,david,10.10.10.10,FILE01,2
2026-08-25 08:20:31,charlie,10.10.10.12,APP01,2
2026-08-25 08:20:50,david,10.10.10.11,WEB01,2
2026-08-25 08:21:52,alice,10.10.10.10,SQL01,3
2026-08-25 08:22:30,david,10.10.10.13,FILE01,3
2026-08-25 08:22:35,admin,10.10.10.13,DC01,2
2026-08-25 08:24:20,david,10.10.10.10,DC01,2
2026-08-25 08:30:46,bob,10.10.10.10,SQL01,10
2026-08-25 08:34:54,bob,10.10.10.12,FILE01,3
2026-08-25 08:35:18,admin,10.10.10.11,WEB01,3
2026-08-25 08:41:20,david,10.10.10.13,SQL01,2
2026-08-25 08:47:03,david,10.10.10.11,FILE01,2
2026-08-25 08:49:25,alice,10.10.10.13,APP01,10
2026-08-25 08:54:55,alice,10.10.10.11,APP01,2
2026-08-25 08:59:23,alice,10.10.10.12,SQL01,3
2026-08-25 09:00:19,david,10.10.10.12,WEB01,3
2026-08-25 09:03:53,david,10.10.10.10,FILE01,3
2026-08-25 09:06:26,alice,10.10.10.12,WEB01,3
2026-08-25 09:06:34,charlie,10.10.10.13,WEB01,3
2026-08-25 09:08:48,admin,10.10.10.13,FILE01,2
2026-08-25 09:10:20,admin,10.10.10.12,APP01,3
2026-08-25 09:13:10,charlie,10.10.10.13,FILE01,3
2026-08-25 09:16:13,alice,10.10.10.10,APP01,2
2026-08-25 09:19:25,admin,10.10.10.11,APP01,3
2026-08-25 09:20:38,alice,10.10.10.13,SQL01,3
2026-08-25 09:20:42,admin,10.10.10.12,WEB01,3
2026-08-25 09:23:02,charlie,10.10.10.11,DC01,10
2026-08-25 09:24:35,admin,10.10.10.12,WEB01,3
2026-08-25 09:26:06,admin,10.10.10.10,DC01,10
2026-08-25 09:29:03,bob,10.10.10.10,WEB01,3
2026-08-25 09:32:19,alice,10.10.10.12,DC01,3
2026-08-25 09:32:42,admin,10.10.10.13,APP01,3
2026-08-25 09:36:41,alice,10.10.10.13,FILE01,3
2026-08-25 09:38:42,alice,10.10.10.10,APP01,3
2026-08-25 09:40:38,charlie,10.10.10.13,SQL01,3
2026-08-25 09:41:49,charlie,10.10.10.10,DC01,10
2026-08-25 09:43:42,charlie,10.10.10.11,DC01,3
2026-08-25 09:49:30,alice,10.10.10.13,DC01,3
2026-08-25 09:50:01,admin,10.10.10.13,FILE01,3
2026-08-25 09:53:05,charlie,10.10.10.11,SQL01,2
2026-08-25 10:00:03,bob,10.10.10.12,DC01,3
2026-08-25 10:11:27,charlie,10.10.10.12,DC01,3
2026-08-25 10:12:07,charlie,10.10.10.10,FILE01,2
2026-08-25 10:13:09,david,10.10.10.13,WEB01,10
2026-08-25 10:16:50,bob,10.10.10.11,WEB01,3
2026-08-25 10:19:45,charlie,10.10.10.10,APP01,10
2026-08-25 10:30:57,admin,10.10.10.13,DC01,2
2026-08-25 10:34:20,charlie,10.10.10.10,WEB01,2
2026-08-25 10:39:55,admin,10.10.10.11,FILE01,3
2026-08-25 10:44:59,charlie,10.10.10.12,WEB01,10
2026-08-25 10:45:49,david,10.10.10.13,FILE01,3
2026-08-25 10:54:12,bob,10.10.10.12,WEB01,3
2026-08-25 10:54:29,admin,10.10.10.10,WEB01,3
2026-08-25 11:06:00,admin,10.10.10.12,APP01,10
2026-08-25 11:07:01,admin,10.10.10.11,WEB01,3
2026-08-25 11:09:00,bob,10.10.10.13,DC01,3
2026-08-25 11:15:46,admin,10.10.10.10,APP01,3
2026-08-25 11:15:51,bob,10.10.10.10,FILE01,3
2026-08-25 11:20:33,bob,10.10.10.13,APP01,10
2026-08-25 11:26:26,bob,10.10.10.13,FILE01,3
2026-08-25 11:26:48,bob,10.10.10.11,FILE01,2
2026-08-25 11:35:48,bob,10.10.10.12,DC01,3
2026-08-25 11:37:36,alice,10.10.10.13,APP01,10
2026-08-25 11:37:44,admin,10.10.10.13,SQL01,3
2026-08-25 11:40:09,alice,10.10.10.13,DC01,3
2026-08-25 11:40:50,charlie,10.10.10.11,WEB01,3
2026-08-25 11:42:07,alice,10.10.10.12,WEB01,3
2026-08-25 11:51:54,bob,10.10.10.11,APP01,10
2026-08-25 11:58:24,david,10.10.10.10,FILE01,3
2026-08-25 12:02:34,charlie,10.10.10.13,FILE01,3
2026-08-25 12:04:19,alice,10.10.10.13,DC01,2
2026-08-25 12:04:21,charlie,10.10.10.10,WEB01,3
2026-08-25 12:06:24,charlie,10.10.10.11,FILE01,3
2026-08-25 12:11:23,charlie,10.10.10.10,FILE01,3
2026-08-25 12:13:33,charlie,10.10.10.10,SQL01,3
2026-08-25 12:13:59,david,10.10.10.11,WEB01,3
2026-08-25 12:19:36,alice,10.10.10.11,WEB01,3
2026-08-25 12:25:57,admin,10.10.10.11,SQL01,2
2026-08-25 12:32:52,alice,10.10.10.12,APP01,3
2026-08-25 12:34:07,alice,10.10.10.11,DC01,10
2026-08-25 12:34:47,admin,10.10.10.10,FILE01,3
2026-08-25 12:37:01,bob,10.10.10.10,FILE01,3
2026-08-25 12:43:33,charlie,10.10.10.13,SQL01,3
2026-08-25 12:45:58,david,10.10.10.10,DC01,3
2026-08-25 12:46:27,admin,10.10.10.13,SQL01,3
2026-08-25 12:47:52,admin,10.10.10.12,FILE01,2
2026-08-25 12:49:19,bob,10.10.10.11,APP01,3
2026-08-25 12:58:33,david,10.10.10.12,APP01,3
2026-08-25 13:01:37,david,10.10.10.12,WEB01,2
2026-08-25 13:06:40,admin,10.10.10.13,DC01,3
2026-08-25 13:07:07,david,10.10.10.12,SQL01,2
2026-08-25 13:13:37,admin,10.10.10.10,FILE01,3
2026-08-25 13:17:31,bob,10.10.10.11,SQL01,10
2026-08-25 13:18:43,bob,10.10.10.13,DC01,2
2026-08-25 13:21:58,david,10.10.10.13,FILE01,3
2026-08-25 13:23:19,alice,10.10.10.13,APP01,3
2026-08-25 13:32:43,charlie,10.10.10.10,APP01,2
2026-08-25 13:35:07,charlie,10.10.10.10,DC01,3
2026-08-25 13:35:43,alice,10.10.10.12,DC01,3
2026-08-25 13:39:29,david,10.10.10.13,DC01,3
2026-08-25 13:45:58,charlie,10.10.10.11,DC01,10
2026-08-25 13:48:26,bob,10.10.10.13,FILE01,2
2026-08-25 13:55:02,alice,10.10.10.10,APP01,3
2026-08-25 13:58:36,admin,10.10.10.13,APP01,2
2026-08-25 13:58:44,bob,10.10.10.13,APP01,3
2026-08-25 14:01:05,admin,10.10.10.10,APP01,3
2026-08-25 14:02:34,david,10.10.10.13,SQL01,3
2026-08-25 14:08:20,charlie,10.10.10.11,APP01,10
2026-08-25 14:14:14,charlie,10.10.10.11,FILE01,3
2026-08-25 14:16:34,admin,10.10.10.12,DC01,2
2026-08-25 14:20:10,david,10.10.10.12,DC01,10
2026-08-25 14:21:13,admin,10.10.10.11,SQL01,10
2026-08-25 14:31:56,charlie,10.10.10.10,WEB01,3
2026-08-25 14:33:46,david,10.10.10.12,SQL01,3
2026-08-25 14:34:54,admin,10.10.10.11,DC01,3
2026-08-25 14:36:35,david,10.10.10.12,DC01,3
2026-08-25 14:39:14,alice,10.10.10.10,WEB01,2
2026-08-25 14:42:58,admin,10.10.10.11,WEB01,3
2026-08-25 14:49:03,charlie,10.10.10.10,APP01,3
2026-08-25 14:58:15,admin,10.10.10.10,FILE01,3
2026-08-25 15:05:03,david,10.10.10.12,FILE01,3
2026-08-25 15:05:35,charlie,10.10.10.13,SQL01,3
2026-08-25 15:06:48,admin,10.10.10.13,WEB01,3
2026-08-25 15:07:16,david,10.10.10.12,FILE01,3
2026-08-25 15:07:52,admin,10.10.10.10,SQL01,3
2026-08-25 15:07:53,bob,10.10.10.13,APP01,3
2026-08-25 15:12:54,alice,10.10.10.11,SQL01,10
2026-08-25 15:23:25,david,10.10.10.11,WEB01,3
2026-08-25 15:24:43,admin,10.10.10.13,SQL01,3
2026-08-25 15:27:41,admin,10.10.10.12,APP01,2
2026-08-25 15:28:46,admin,10.10.10.13,WEB01,3
2026-08-25 15:31:39,alice,10.10.10.12,SQL01,3
2026-08-25 15:31:59,charlie,10.10.10.12,FILE01,3
2026-08-25 15:33:08,alice,10.10.10.12,DC01,3
2026-08-25 15:38:47,alice,10.10.10.10,WEB01,3
2026-08-25 15:40:24,admin,10.10.10.10,SQL01,3
2026-08-25 15:42:13,charlie,10.10.10.11,DC01,10
2026-08-25 15:46:09,david,10.10.10.10,APP01,3
2026-08-25 15:50:09,charlie,10.10.10.12,WEB01,3
2026-08-25 15:51:54,david,10.10.10.11,FILE01,2
2026-08-25 15:58:23,alice,10.10.10.11,DC01,3
2026-08-25 16:00:25,charlie,10.10.10.10,SQL01,2
2026-08-25 16:01:24,charlie,10.10.10.13,DC01,3
2026-08-25 16:07:42,alice,10.10.10.11,SQL01,10
2026-08-25 16:18:54,alice,10.10.10.10,DC01,3
2026-08-25 16:19:13,admin,10.10.10.13,APP01,3
2026-08-25 16:21:38,david,10.10.10.11,DC01,10
2026-08-25 16:23:08,bob,10.10.10.13,SQL01,10
2026-08-25 16:28:36,bob,10.10.10.13,FILE01,3
2026-08-25 16:32:41,bob,10.10.10.12,APP01,3
2026-08-25 16:36:07,admin,10.10.10.13,APP01,3
2026-08-25 16:37:11,david,10.10.10.12,FILE01,3
2026-08-25 16:45:54,alice,10.10.10.13,WEB01,10
2026-08-25 16:46:06,bob,10.10.10.12,FILE01,3
2026-08-25 16:48:02,admin,10.10.10.12,APP01,3
2026-08-25 16:50:32,admin,10.10.10.11,FILE01,3
2026-08-25 16:58:58,charlie,10.10.10.11,FILE01,3
2026-08-25 16:59:24,charlie,10.10.10.10,SQL01,2
2026-08-25 17:05:46,bob,10.10.10.10,FILE01,3
2026-08-25 17:08:20,admin,10.10.10.13,SQL01,2
2026-08-25 17:11:12,david,10.10.10.11,APP01,3
2026-08-25 17:11:30,bob,10.10.10.13,FILE01,10
2026-08-25 17:15:30,david,10.10.10.10,APP01,2
2026-08-25 17:19:42,alice,10.10.10.13,APP01,3
2026-08-25 17:25:06,charlie,10.10.10.12,APP01,3
2026-08-25 17:38:03,david,10.10.10.12,APP01,2
2026-08-25 17:39:32,david,10.10.10.12,DC01,3
2026-08-25 17:39:41,bob,10.10.10.10,APP01,3
2026-08-25 17:41:21,charlie,10.10.10.11,APP01,3
2026-08-25 17:48:48,admin,10.10.10.10,WEB01,3
2026-08-25 17:48:57,bob,10.10.10.12,WEB01,3
2026-08-25 17:49:32,charlie,10.10.10.12,WEB01,2
2026-08-25 17:49:59,alice,10.10.10.11,WEB01,10
2026-08-25 17:50:48,david,10.10.10.11,DC01,3
2026-08-25 17:54:16,alice,10.10.10.12,APP01,3
2026-08-25 17:55:49,david,10.10.10.13,WEB01,2
2026-08-25 17:55:50,bob,10.10.10.13,FILE01,3
2026-08-25 17:56:03,charlie,10.10.10.12,APP01,3
2026-08-25 18:04:24,charlie,10.10.10.10,SQL01,3
2026-08-25 18:10:15,bob,10.10.10.11,WEB01,3
2026-08-25 18:11:11,charlie,10.10.10.13,FILE01,10
2026-08-25 18:14:04,bob,10.10.10.10,DC01,2
2026-08-25 18:15:19,admin,10.10.10.11,SQL01,2
2026-08-25 18:15:59,bob,10.10.10.13,FILE01,10
2026-08-25 18:17:09,admin,10.10.10.12,SQL01,3
2026-08-25 18:22:52,admin,10.10.10.10,SQL01,3
2026-08-25 18:23:58,david,10.10.10.10,WEB01,3
2026-08-25 18:24:57,charlie,10.10.10.13,DC01,3
2026-08-25 18:30:04,admin,10.10.10.12,WEB01,3
2026-08-25 18:30:10,david,10.10.10.13,SQL01,10
2026-08-25 18:33:12,charlie,10.10.10.13,APP01,3
2026-08-25 18:52:37,alice,10.10.10.10,APP01,10
2026-08-25 18:53:23,admin,10.10.10.11,WEB01,10
2026-08-25 18:53:31,david,10.10.10.11,SQL01,10
2026-08-25 18:55:14,charlie,10.10.10.12,SQL01,3
2026-08-25 18:57:40,admin,10.10.10.12,FILE01,2
2026-08-25 18:58:28,david,10.10.10.11,APP01,3
2026-08-25 18:58:49,charlie,10.10.10.12,WEB01,2
2026-08-25 18:59:28,charlie,10.10.10.11,WEB01,3
2026-08-26 08:02:08,admin,10.10.10.11,SQL01,10
2026-08-26 08:05:59,charlie,10.10.10.13,FILE01,3
2026-08-26 08:06:18,bob,10.10.10.10,APP01,3
2026-08-26 08:13:57,admin,10.10.10.10,APP01,10
2026-08-26 08:15:48,charlie,10.10.10.13,DC01,10
2026-08-26 08:17:35,charlie,10.10.10.13,SQL01,3
2026-08-26 08:25:26,alice,10.10.10.11,WEB01,3
2026-08-26 08:26:56,admin,10.10.10.11,APP01,3
2026-08-26 08:27:44,charlie,10.10.10.10,WEB01,10
2026-08-26 08:28:26,charlie,10.10.10.13,DC01,3
2026-08-26 08:31:22,alice,10.10.10.10,FILE01,10
2026-08-26 08:33:18,admin,10.10.10.12,FILE01,3
2026-08-26 08:36:13,david,10.10.10.12,DC01,3
2026-08-26 08:43:35,charlie,10.10.10.10,SQL01,2
2026-08-26 08:47:59,bob,10.10.10.11,SQL01,3
2026-08-26 08:48:44,bob,10.10.10.12,APP01,2
2026-08-26 08:50:16,alice,10.10.10.10,DC01,10
2026-08-26 08:53:26,admin,10.10.10.13,SQL01,3
2026-08-26 08:54:36,charlie,10.10.10.10,SQL01,3
2026-08-26 08:54:46,admin,10.10.10.13,WEB01,3
2026-08-26 08:56:55,bob,10.10.10.10,SQL01,3
2026-08-26 09:13:06,bob,10.10.10.13,SQL01,3
2026-08-26 09:17:07,bob,10.10.10.12,DC01,3
2026-08-26 09:20:31,alice,10.10.10.12,APP01,3
2026-08-26 09:25:31,david,10.10.10.11,DC01,3
2026-08-26 09:28:29,admin,10.10.10.10,FILE01,3
2026-08-26 09:28:38,admin,10.10.10.10,WEB01,3
2026-08-26 09:33:06,alice,10.10.10.10,WEB01,2
2026-08-26 09:36:03,alice,10.10.10.10,FILE01,2
2026-08-26 09:37:14,alice,10.10.10.11,SQL01,10
2026-08-26 09:38:07,admin,10.10.10.12,SQL01,3
2026-08-26 09:38:59,bob,10.10.10.10,WEB01,3
2026-08-26 09:39:27,admin,10.10.10.11,SQL01,3
2026-08-26 09:39:34,admin,10.10.10.10,APP01,10
2026-08-26 09:40:07,admin,10.10.10.10,APP01,3
2026-08-26 09:40:43,admin,10.10.10.10,APP01,3
2026-08-26 09:42:15,admin,10.10.10.11,FILE01,3
2026-08-26 09:43:53,charlie,10.10.10.12,DC01,10
2026-08-26 09:45:27,bob,10.10.10.12,SQL01,3
2026-08-26 09:48:14,charlie,10.10.10.10,SQL01,3
2026-08-26 09:51:43,david,10.10.10.12,DC01,3
2026-08-26 09:56:59,bob,10.10.10.13,DC01,3
2026-08-26 10:00:00,bob,10.10.10.13,FILE01,10
2026-08-26 10:01:48,bob,10.10.10.11,DC01,10
2026-08-26 10:08:50,charlie,10.10.10.12,SQL01,10
2026-08-26 10:11:05,admin,10.10.10.12,WEB01,10
2026-08-26 10:11:14,bob,10.10.10.13,APP01,10
2026-08-26 10:18:07,david,10.10.10.11,DC01,3
2026-08-26 10:20:59,alice,10.10.10.11,WEB01,3
2026-08-26 10:23:11,david,10.10.10.12,SQL01,3
2026-08-26 10:33:45,admin,10.10.10.10,DC01,3
2026-08-26 10:34:16,bob,10.10.10.10,WEB01,3
2026-08-26 10:46:34,david,10.10.10.11,WEB01,3
2026-08-26 10:47:44,david,10.10.10.10,DC01,3
2026-08-26 10:49:45,charlie,10.10.10.11,FILE01,2
2026-08-26 10:52:24,charlie,10.10.10.10,SQL01,10
2026-08-26 10:54:01,admin,10.10.10.13,SQL01,3
2026-08-26 10:55:02,admin,10.10.10.10,DC01,3
2026-08-26 11:01:02,bob,10.10.10.12,FILE01,3
2026-08-26 11:03:14,admin,10.10.10.13,DC01,3
2026-08-26 11:07:59,alice,10.10.10.12,APP01,3
2026-08-26 11:08:09,bob,10.10.10.12,SQL01,2
2026-08-26 11:08:47,alice,10.10.10.10,WEB01,2
2026-08-26 11:12:01,bob,10.10.10.12,APP01,3
2026-08-26 11:12:34,david,10.10.10.12,DC01,3
2026-08-26 11:16:51,charlie,10.10.10.12,APP01,3
2026-08-26 11:19:54,alice,10.10.10.11,DC01,3
2026-08-26 11:25:06,bob,10.10.10.12,DC01,2
2026-08-26 11:35:03,david,10.10.10.13,WEB01,2
2026-08-26 11:38:31,david,10.10.10.11,FILE01,2
2026-08-26 11:44:04,david,10.10.10.10,WEB01,3
2026-08-26 11:46:47,admin,10.10.10.11,SQL01,3
2026-08-26 11:50:36,alice,10.10.10.10,WEB01,3
2026-08-26 11:51:47,david,10.10.10.12,FILE01,3
2026-08-26 11:52:34,david,10.10.10.12,SQL01,3
2026-08-26 11:53:45,bob,10.10.10.10,WEB01,10
2026-08-26 11:55:52,david,10.10.10.10,FILE01,3
2026-08-26 12:01:20,charlie,10.10.10.12,SQL01,10
2026-08-26 12:04:12,charlie,10.10.10.12,SQL01,3
2026-08-26 12:05:23,david,10.10.10.13,APP01,3
2026-08-26 12:06:03,admin,10.10.10.12,WEB01,3
2026-08-26 12:06:24,bob,10.10.10.11,WEB01,10
2026-08-26 12:11:38,bob,10.10.10.10,FILE01,3
2026-08-26 12:13:48,bob,10.10.10.13,WEB01,3
2026-08-26 12:19:00,charlie,10.10.10.12,SQL01,2
2026-08-26 12:19:07,bob,10.10.10.13,DC01,2
2026-08-26 12:21:08,david,10.10.10.11,WEB01,2
2026-08-26 12:23:05,david,10.10.10.10,DC01,10
2026-08-26 12:24:49,alice,10.10.10.12,WEB01,3
2026-08-26 12:32:02,david,10.10.10.13,FILE01,3
2026-08-26 12:33:25,bob,10.10.10.10,FILE01,10
2026-08-26 12:37:16,charlie,10.10.10.10,DC01,2
2026-08-26 12:38:12,admin,10.10.10.12,WEB01,3
2026-08-26 12:39:17,admin,10.10.10.10,WEB01,3
2026-08-26 12:40:35,charlie,10.10.10.12,DC01,3
2026-08-26 12:41:05,bob,10.10.10.11,WEB01,2
2026-08-26 12:42:20,charlie,10.10.10.12,SQL01,3
2026-08-26 12:42:33,charlie,10.10.10.12,FILE01,3
2026-08-26 12:48:26,charlie,10.10.10.10,DC01,3
2026-08-26 12:48:32,admin,10.10.10.13,SQL01,2
2026-08-26 12:48:34,charlie,10.10.10.11,DC01,2
2026-08-26 12:52:58,alice,10.10.10.11,APP01,10
2026-08-26 12:54:43,charlie,10.10.10.11,APP01,2
2026-08-26 12:59:09,bob,10.10.10.13,DC01,3
2026-08-26 12:59:22,alice,10.10.10.11,APP01,2
2026-08-26 13:00:00,david,10.10.10.11,SQL01,2
2026-08-26 13:00:16,bob,10.10.10.11,SQL01,3
2026-08-26 13:05:45,admin,10.10.10.10,FILE01,3
2026-08-26 13:10:46,alice,10.10.10.12,WEB01,3
2026-08-26 13:11:27,david,10.10.10.13,SQL01,10
2026-08-26 13:12:18,alice,10.10.10.12,FILE01,3
2026-08-26 13:12:26,bob,10.10.10.10,DC01,10
2026-08-26 13:12:40,bob,10.10.10.10,SQL01,3
2026-08-26 13:21:12,alice,10.10.10.11,DC01,10
2026-08-26 13:24:36,charlie,10.10.10.11,FILE01,3
2026-08-26 13:26:57,charlie,10.10.10.13,DC01,3
2026-08-26 13:26:58,alice,10.10.10.13,FILE01,3
2026-08-26 13:28:28,david,10.10.10.12,DC01,3
2026-08-26 13:28:40,bob,10.10.10.13,APP01,2
2026-08-26 13:30:58,alice,10.10.10.10,DC01,3
2026-08-26 13:34:07,admin,10.10.10.11,FILE01,3
2026-08-26 13:36:26,david,10.10.10.10,APP01,3
2026-08-26 13:38:45,david,10.10.10.12,DC01,2
2026-08-26 13:40:48,charlie,10.10.10.13,FILE01,3
2026-08-26 13:41:00,admin,10.10.10.11,DC01,3
2026-08-26 13:47:49,admin,10.10.10.12,FILE01,3
2026-08-26 13:50:14,david,10.10.10.11,DC01,3
2026-08-26 13:56:13,david,10.10.10.13,DC01,3
2026-08-26 13:56:53,david,10.10.10.13,APP01,10
2026-08-26 14:08:24,alice,10.10.10.10,SQL01,10
2026-08-26 14:09:06,charlie,10.10.10.13,FILE01,3
2026-08-26 14:09:36,admin,10.10.10.13,DC01,10
2026-08-26 14:15:33,charlie,10.10.10.12,WEB01,3
2026-08-26 14:23:56,charlie,10.10.10.10,APP01,3
2026-08-26 14:26:01,david,10.10.10.10,WEB01,10
2026-08-26 14:26:12,alice,10.10.10.10,WEB01,10
2026-08-26 14:26:44,alice,10.10.10.13,WEB01,3
2026-08-26 14:26:50,bob,10.10.10.12,FILE01,3
2026-08-26 14:30:13,alice,10.10.10.10,DC01,3
2026-08-26 14:32:14,bob,10.10.10.12,SQL01,3
2026-08-26 14:40:19,david,10.10.10.11,DC01,3
2026-08-26 14:44:28,charlie,10.10.10.13,APP01,3
2026-08-26 14:53:37,charlie,10.10.10.11,SQL01,10
2026-08-26 14:54:04,bob,10.10.10.13,WEB01,3
2026-08-26 14:55:38,david,10.10.10.10,APP01,10
2026-08-26 14:56:16,charlie,10.10.10.10,DC01,3
2026-08-26 14:57:49,david,10.10.10.11,WEB01,10
2026-08-26 15:05:20,bob,10.10.10.13,WEB01,10
2026-08-26 15:07:44,admin,10.10.10.10,WEB01,3
2026-08-26 15:10:13,admin,10.10.10.11,DC01,3
2026-08-26 15:15:08,david,10.10.10.13,APP01,2
2026-08-26 15:16:41,david,10.10.10.10,FILE01,2
2026-08-26 15:20:45,charlie,10.10.10.13,APP01,3
2026-08-26 15:21:53,charlie,10.10.10.11,DC01,2
2026-08-26 15:23:51,charlie,10.10.10.11,WEB01,3
2026-08-26 15:24:23,bob,10.10.10.11,APP01,3
2026-08-26 15:26:21,admin,10.10.10.11,SQL01,3
2026-08-26 15:33:40,bob,10.10.10.10,APP01,10
2026-08-26 15:36:08,charlie,10.10.10.13,WEB01,10
2026-08-26 15:36:31,admin,10.10.10.12,APP01,3
2026-08-26 15:39:59,bob,10.10.10.12,WEB01,3
2026-08-26 15:49:00,david,10.10.10.12,DC01,10
2026-08-26 15:51:51,admin,10.10.10.12,WEB01,3
2026-08-26 16:01:43,charlie,10.10.10.10,WEB01,2
2026-08-26 16:07:02,charlie,10.10.10.10,APP01,2
2026-08-26 16:07:12,bob,10.10.10.11,WEB01,3
2026-08-26 16:07:23,bob,10.10.10.10,APP01,2
2026-08-26 16:07:23,charlie,10.10.10.12,DC01,3
2026-08-26 16:10:20,alice,10.10.10.11,APP01,10
2026-08-26 16:10:50,alice,10.10.10.10,DC01,2
2026-08-26 16:12:26,charlie,10.10.10.13,WEB01,3
2026-08-26 16:13:41,admin,10.10.10.12,SQL01,3
2026-08-26 16:15:12,bob,10.10.10.10,DC01,10
2026-08-26 16:17:18,charlie,10.10.10.10,DC01,10
2026-08-26 16:28:18,admin,10.10.10.11,DC01,3
2026-08-26 16:37:58,charlie,10.10.10.13,FILE01,3
2026-08-26 16:39:02,admin,10.10.10.10,SQL01,10
2026-08-26 16:41:42,admin,10.10.10.12,APP01,3
2026-08-26 16:42:47,admin,10.10.10.13,FILE01,10
2026-08-26 16:43:24,admin,10.10.10.11,APP01,3
2026-08-26 16:50:15,bob,10.10.10.11,WEB01,10
2026-08-26 16:51:05,charlie,10.10.10.12,SQL01,3
2026-08-26 17:03:33,charlie,10.10.10.13,FILE01,3
2026-08-26 17:05:41,alice,10.10.10.10,WEB01,3
2026-08-26 17:05:52,admin,10.10.10.10,SQL01,3
2026-08-26 17:14:08,alice,10.10.10.12,WEB01,3
2026-08-26 17:14:29,admin,10.10.10.11,SQL01,3
2026-08-26 17:16:06,david,10.10.10.10,APP01,10
2026-08-26 17:18:44,charlie,10.10.10.13,FILE01,2
2026-08-26 17:19:18,bob,10.10.10.13,FILE01,10
2026-08-26 17:20:55,david,10.10.10.11,WEB01,3
2026-08-26 17:24:30,david,10.10.10.12,DC01,3
2026-08-26 17:26:58,bob,10.10.10.10,APP01,2
2026-08-26 17:28:43,admin,10.10.10.13,WEB01,2
2026-08-26 17:36:24,admin,10.10.10.13,SQL01,3
2026-08-26 17:36:34,david,10.10.10.13,WEB01,3
2026-08-26 17:45:09,admin,10.10.10.10,APP01,3
2026-08-26 17:47:04,admin,10.10.10.11,DC01,3
2026-08-26 17:47:07,alice,10.10.10.10,WEB01,10
2026-08-26 17:51:27,charlie,10.10.10.10,WEB01,10
2026-08-26 17:53:37,charlie,10.10.10.10,SQL01,2
2026-08-26 17:55:53,alice,10.10.10.10,FILE01,3
2026-08-26 17:57:59,bob,10.10.10.12,SQL01,10
2026-08-26 17:58:37,charlie,10.10.10.10,DC01,3
2026-08-26 18:00:11,david,10.10.10.10,FILE01,2
2026-08-26 18:01:29,admin,10.10.10.13,DC01,3
2026-08-26 18:04:45,alice,10.10.10.13,FILE01,3
2026-08-26 18:08:00,david,10.10.10.11,WEB01,2
2026-08-26 18:11:52,charlie,10.10.10.12,WEB01,10
2026-08-26 18:16:35,alice,10.10.10.10,DC01,3
2026-08-26 18:19:44,bob,10.10.10.10,SQL01,3
2026-08-26 18:21:31,alice,10.10.10.13,DC01,10
2026-08-26 18:21:57,david,10.10.10.12,SQL01,3
2026-08-26 18:24:41,charlie,10.10.10.10,DC01,2
2026-08-26 18:32:54,bob,10.10.10.10,DC01,3
2026-08-26 18:35:10,bob,10.10.10.13,APP01,3
2026-08-26 18:36:08,alice,10.10.10.12,SQL01,3
2026-08-26 18:38:51,alice,10.10.10.13,FILE01,2
2026-08-26 18:38:56,david,10.10.10.10,SQL01,3
2026-08-26 18:44:18,admin,10.10.10.11,DC01,3
2026-08-26 18:46:10,alice,10.10.10.11,DC01,2
2026-08-26 18:48:13,charlie,10.10.10.13,FILE01,2
2026-08-26 18:51:36,david,10.10.10.12,APP01,3
2026-08-27 08:00:27,admin,10.10.10.13,FILE01,2
2026-08-27 08:12:50,alice,10.10.10.12,FILE01,10
2026-08-27 08:13:43,alice,10.10.10.12,WEB01,3
2026-08-27 08:24:40,alice,10.10.10.11,WEB01,10
2026-08-27 08:26:11,alice,10.10.10.10,SQL01,3
2026-08-27 08:26:24,admin,10.10.10.12,SQL01,2
2026-08-27 08:28:29,charlie,10.10.10.11,SQL01,3
2026-08-27 08:31:05,alice,10.10.10.12,APP01,3
2026-08-27 08:31:38,bob,10.10.10.12,DC01,3
2026-08-27 08:32:04,charlie,10.10.10.12,APP01,3
2026-08-27 08:34:21,admin,10.10.10.12,FILE01,3
2026-08-27 08:34:49,admin,10.10.10.12,APP01,2
2026-08-27 08:35:37,alice,10.10.10.13,FILE01,2
2026-08-27 08:36:08,bob,10.10.10.11,DC01,3
2026-08-27 08:39:40,bob,10.10.10.10,SQL01,3
2026-08-27 08:45:05,charlie,10.10.10.11,WEB01,3
2026-08-27 08:50:46,alice,10.10.10.10,WEB01,2
2026-08-27 08:50:50,alice,10.10.10.10,FILE01,3
2026-08-27 08:52:50,david,10.10.10.12,WEB01,3
2026-08-27 08:53:18,david,10.10.10.13,DC01,2
2026-08-27 08:55:41,alice,10.10.10.11,SQL01,3
2026-08-27 08:56:46,charlie,10.10.10.12,DC01,3
2026-08-27 08:56:55,bob,10.10.10.12,SQL01,3
2026-08-27 08:57:41,admin,10.10.10.13,SQL01,3
2026-08-27 08:59:06,alice,10.10.10.12,FILE01,3
2026-08-27 08:59:20,david,10.10.10.10,APP01,3
2026-08-27 09:02:08,david,10.10.10.11,WEB01,3
2026-08-27 09:04:21,charlie,10.10.10.10,SQL01,2
2026-08-27 09:05:13,david,10.10.10.10,FILE01,3
2026-08-27 09:10:46,david,10.10.10.12,FILE01,3
2026-08-27 09:14:32,david,10.10.10.10,DC01,10
2026-08-27 09:15:46,charlie,10.10.10.10,WEB01,2
2026-08-27 09:20:44,david,10.10.10.11,SQL01,3
2026-08-27 09:22:28,david,10.10.10.12,DC01,3
2026-08-27 09:22:54,admin,10.10.10.13,APP01,3
2026-08-27 09:23:39,bob,10.10.10.13,APP01,3
2026-08-27 09:28:33,charlie,10.10.10.10,FILE01,3
2026-08-27 09:31:55,bob,10.10.10.13,APP01,10
2026-08-27 09:39:57,admin,10.10.10.11,FILE01,3
2026-08-27 09:42:04,admin,10.10.10.13,APP01,3
2026-08-27 09:42:57,alice,10.10.10.12,WEB01,3
2026-08-27 09:49:27,bob,10.10.10.11,FILE01,3
2026-08-27 09:54:22,alice,10.10.10.10,SQL01,10
2026-08-27 09:55:43,charlie,10.10.10.10,SQL01,10
2026-08-27 10:00:19,charlie,10.10.10.10,APP01,3
2026-08-27 10:03:08,admin,10.10.10.12,DC01,3
2026-08-27 10:05:30,charlie,10.10.10.13,FILE01,10
2026-08-27 10:05:37,charlie,10.10.10.12,APP01,3
2026-08-27 10:17:28,bob,10.10.10.12,FILE01,3
2026-08-27 10:18:29,admin,10.10.10.11,DC01,2
2026-08-27 10:20:12,alice,10.10.10.10,APP01,3
2026-08-27 10:24:11,charlie,10.10.10.13,SQL01,10
2026-08-27 10:24:29,admin,10.10.10.11,APP01,3
2026-08-27 10:25:09,admin,10.10.10.13,DC01,10
2026-08-27 10:28:57,alice,10.10.10.12,DC01,10
2026-08-27 10:30:49,admin,10.10.10.10,SQL01,3
2026-08-27 10:31:18,admin,10.10.10.10,DC01,3
2026-08-27 10:45:24,bob,10.10.10.13,SQL01,3
2026-08-27 10:46:12,david,10.10.10.13,DC01,3
2026-08-27 10:47:31,admin,10.10.10.12,SQL01,3
2026-08-27 10:49:05,alice,10.10.10.13,APP01,3
2026-08-27 10:49:06,admin,10.10.10.11,WEB01,10
2026-08-27 10:50:27,charlie,10.10.10.11,SQL01,3
2026-08-27 11:05:27,bob,10.10.10.13,SQL01,3
2026-08-27 11:07:18,david,10.10.10.13,FILE01,2
2026-08-27 11:08:13,bob,10.10.10.11,FILE01,3
2026-08-27 11:11:14,alice,10.10.10.10,FILE01,3
2026-08-27 11:11:19,alice,10.10.10.11,WEB01,2
2026-08-27 11:20:41,alice,10.10.10.11,WEB01,3
2026-08-27 11:25:08,charlie,10.10.10.11,WEB01,3
2026-08-27 11:27:52,david,10.10.10.11,FILE01,3
2026-08-27 11:38:10,david,10.10.10.11,WEB01,10
2026-08-27 11:42:31,charlie,10.10.10.10,APP01,3
2026-08-27 11:45:18,david,10.10.10.12,DC01,3
2026-08-27 11:50:04,admin,10.10.10.13,SQL01,3
2026-08-27 11:58:15,alice,10.10.10.13,FILE01,3
2026-08-27 12:05:59,david,10.10.10.10,SQL01,3
2026-08-27 12:06:36,alice,10.10.10.12,APP01,10
2026-08-27 12:13:11,admin,10.10.10.13,DC01,3
2026-08-27 12:16:14,charlie,10.10.10.12,SQL01,2
2026-08-27 12:17:22,alice,10.10.10.12,DC01,3
2026-08-27 12:22:19,david,10.10.10.12,DC01,3
2026-08-27 12:24:41,david,10.10.10.10,APP01,3
2026-08-27 12:26:40,charlie,10.10.10.11,DC01,3
2026-08-27 12:27:12,charlie,10.10.10.11,APP01,3
2026-08-27 12:29:03,charlie,10.10.10.11,SQL01,2
2026-08-27 12:31:25,alice,10.10.10.11,APP01,3
2026-08-27 12:35:36,david,10.10.10.12,WEB01,3
2026-08-27 12:36:17,admin,10.10.10.11,WEB01,10
2026-08-27 12:39:44,bob,10.10.10.10,SQL01,3
2026-08-27 12:39:53,charlie,10.10.10.12,SQL01,3
2026-08-27 12:41:50,david,10.10.10.12,FILE01,2
2026-08-27 12:42:50,bob,10.10.10.11,WEB01,10
2026-08-27 12:50:22,admin,10.10.10.11,SQL01,2
2026-08-27 13:00:11,bob,10.10.10.12,WEB01,3
2026-08-27 13:07:06,charlie,10.10.10.13,WEB01,2
2026-08-27 13:08:46,bob,10.10.10.11,APP01,10
2026-08-27 13:09:45,admin,10.10.10.12,APP01,3
2026-08-27 13:13:57,alice,10.10.10.11,SQL01,10
2026-08-27 13:20:07,alice,10.10.10.13,DC01,3
2026-08-27 13:21:29,alice,10.10.10.10,FILE01,3
2026-08-27 13:21:52,admin,10.10.10.13,APP01,3
2026-08-27 13:23:27,bob,10.10.10.13,SQL01,3
2026-08-27 13:26:22,david,10.10.10.10,SQL01,2
2026-08-27 13:37:46,bob,10.10.10.13,WEB01,10
2026-08-27 13:43:32,bob,10.10.10.11,WEB01,3
2026-08-27 13:46:29,admin,10.10.10.11,APP01,3
2026-08-27 13:56:38,bob,10.10.10.12,WEB01,3
2026-08-27 13:57:17,admin,10.10.10.11,FILE01,10
2026-08-27 14:10:02,admin,10.10.10.11,WEB01,10
2026-08-27 14:11:15,alice,10.10.10.13,DC01,3
2026-08-27 14:13:29,bob,10.10.10.10,WEB01,3
2026-08-27 14:20:42,alice,10.10.10.13,WEB01,2
2026-08-27 14:23:43,david,10.10.10.12,APP01,3
2026-08-27 14:28:01,admin,10.10.10.11,SQL01,3
2026-08-27 14:33:04,alice,10.10.10.10,WEB01,3
2026-08-27 14:34:02,david,10.10.10.13,FILE01,3
2026-08-27 14:34:24,bob,10.10.10.13,SQL01,2
2026-08-27 14:35:16,alice,10.10.10.13,DC01,3
2026-08-27 14:40:42,alice,10.10.10.12,WEB01,3
2026-08-27 14:40:45,alice,10.10.10.12,APP01,3
2026-08-27 14:40:57,david,10.10.10.13,DC01,3
2026-08-27 14:42:42,charlie,10.10.10.12,DC01,2
2026-08-27 14:44:04,bob,10.10.10.10,DC01,10
2026-08-27 14:44:15,admin,10.10.10.13,DC01,2
2026-08-27 14:47:25,alice,10.10.10.10,SQL01,3
2026-08-27 14:49:23,alice,10.10.10.11,SQL01,3
2026-08-27 14:49:52,bob,10.10.10.12,SQL01,3
2026-08-27 14:49:58,david,10.10.10.11,FILE01,3
2026-08-27 14:50:08,admin,10.10.10.13,WEB01,3
2026-08-27 14:52:50,admin,10.10.10.11,WEB01,3
2026-08-27 14:52:55,david,10.10.10.11,APP01,3
2026-08-27 14:53:05,charlie,10.10.10.13,WEB01,3
2026-08-27 14:53:39,bob,10.10.10.12,DC01,3
2026-08-27 14:55:37,bob,10.10.10.12,SQL01,2
2026-08-27 14:55:42,admin,10.10.10.12,DC01,3
2026-08-27 15:03:39,alice,10.10.10.11,APP01,10
2026-08-27 15:09:17,david,10.10.10.11,FILE01,3
2026-08-27 15:09:33,bob,10.10.10.13,SQL01,3
2026-08-27 15:10:46,bob,10.10.10.10,SQL01,3
2026-08-27 15:13:29,david,10.10.10.13,WEB01,3
2026-08-27 15:13:48,charlie,10.10.10.10,DC01,3
2026-08-27 15:15:21,david,10.10.10.11,DC01,3
2026-08-27 15:18:32,david,10.10.10.10,FILE01,3
2026-08-27 15:18:49,bob,10.10.10.12,FILE01,2
2026-08-27 15:22:08,alice,10.10.10.11,APP01,3
2026-08-27 15:37:25,admin,10.10.10.13,SQL01,10
2026-08-27 15:38:21,charlie,10.10.10.11,FILE01,3
2026-08-27 15:38:38,alice,10.10.10.13,FILE01,10
2026-08-27 15:40:11,david,10.10.10.12,WEB01,2
2026-08-27 15:42:25,bob,10.10.10.12,SQL01,10
2026-08-27 15:42:43,alice,10.10.10.13,FILE01,3
2026-08-27 15:43:34,david,10.10.10.12,DC01,3
2026-08-27 15:44:00,david,10.10.10.10,APP01,2
2026-08-27 15:46:46,charlie,10.10.10.10,APP01,10
2026-08-27 15:48:15,david,10.10.10.11,SQL01,3
2026-08-27 15:50:24,david,10.10.10.12,APP01,3
2026-08-27 15:59:51,charlie,10.10.10.11,SQL01,10
2026-08-27 16:04:50,charlie,10.10.10.13,APP01,3
2026-08-27 16:05:25,bob,10.10.10.13,SQL01,2
2026-08-27 16:13:05,david,10.10.10.11,APP01,10
2026-08-27 16:26:03,admin,10.10.10.10,SQL01,3
2026-08-27 16:26:59,alice,10.10.10.13,FILE01,10
2026-08-27 16:27:47,charlie,10.10.10.13,APP01,10
2026-08-27 16:34:57,david,10.10.10.11,DC01,10
2026-08-27 16:40:09,bob,10.10.10.11,SQL01,3
2026-08-27 16:41:45,bob,10.10.10.10,APP01,3
2026-08-27 16:44:36,admin,10.10.10.13,DC01,3
2026-08-27 17:11:01,david,10.10.10.11,DC01,2
2026-08-27 17:20:54,david,10.10.10.13,SQL01,3
2026-08-27 17:25:37,david,10.10.10.10,APP01,2
2026-08-27 17:29:40,david,10.10.10.10,SQL01,3
2026-08-27 17:29:54,charlie,10.10.10.12,WEB01,2
2026-08-27 17:30:30,david,10.10.10.10,DC01,3
2026-08-27 17:34:17,bob,10.10.10.11,DC01,10
2026-08-27 17:39:19,admin,10.10.10.12,APP01,3
2026-08-27 17:40:27,alice,10.10.10.13,WEB01,3
2026-08-27 17:44:43,david,10.10.10.12,APP01,3
2026-08-27 17:46:08,charlie,10.10.10.13,DC01,2
2026-08-27 17:47:59,admin,10.10.10.11,DC01,2
2026-08-27 17:50:57,charlie,10.10.10.10,SQL01,2
2026-08-27 17:51:47,bob,10.10.10.11,FILE01,3
2026-08-27 17:51:55,david,10.10.10.11,SQL01,2
2026-08-27 17:56:46,charlie,10.10.10.12,SQL01,2
2026-08-27 17:59:02,admin,10.10.10.11,SQL01,2
2026-08-27 18:09:28,bob,10.10.10.10,DC01,3
2026-08-27 18:14:49,charlie,10.10.10.13,FILE01,2
2026-08-27 18:15:16,david,10.10.10.13,FILE01,3
2026-08-27 18:16:19,bob,10.10.10.12,FILE01,3
2026-08-27 18:20:51,bob,10.10.10.11,DC01,2
2026-08-27 18:24:58,admin,10.10.10.11,DC01,2
2026-08-27 18:25:03,alice,10.10.10.12,WEB01,2
2026-08-27 18:28:15,admin,10.10.10.10,DC01,10
2026-08-27 18:31:34,david,10.10.10.10,APP01,3
2026-08-27 18:33:28,bob,10.10.10.11,FILE01,3
2026-08-27 18:37:05,bob,10.10.10.11,FILE01,2
2026-08-27 18:37:27,alice,10.10.10.10,APP01,3
2026-08-27 18:38:05,admin,10.10.10.10,WEB01,3
2026-08-27 18:40:26,david,10.10.10.11,APP01,3
2026-08-27 18:48:52,bob,10.10.10.12,DC01,2
2026-08-27 18:50:55,charlie,10.10.10.13,FILE01,3
2026-08-27 18:53:15,charlie,10.10.10.11,FILE01,10
2026-08-27 18:59:29,bob,10.10.10.12,FILE01,10
2026-08-28 02:03:00,alice,10.10.20.15,FILE01,3
2026-08-28 02:03:00,alice,10.10.20.15,SQL01,3
2026-08-28 02:04:00,alice,10.10.20.15,FILE01,3
2026-08-28 02:04:00,alice,10.10.20.15,APP01,3
2026-08-28 02:04:00,alice,10.10.20.15,APP01,3
2026-08-28 02:07:00,alice,10.10.20.15,WEB01,3
2026-08-28 02:07:00,alice,10.10.20.15,FILE01,3
2026-08-28 02:07:00,alice,10.10.20.15,APP01,3
2026-08-28 02:07:00,alice,10.10.20.15,WEB01,3
2026-08-28 02:08:00,alice,10.10.20.15,FILE01,3
2026-08-28 02:09:00,alice,10.10.20.15,SQL01,3
2026-08-28 02:10:00,alice,10.10.20.15,APP01,3
2026-08-28 02:11:00,alice,10.10.20.15,DC01,3
2026-08-28 02:11:00,alice,10.10.20.15,DC01,3
2026-08-28 02:11:00,alice,10.10.20.15,DC01,3
2026-08-28 02:13:00,alice,10.10.20.15,DC01,3
2026-08-28 02:13:20,alice,10.10.20.15,FILE01,3
2026-08-28 02:13:40,alice,10.10.20.15,WEB01,3
2026-08-28 02:14:00,alice,10.10.20.15,SQL01,3
2026-08-28 02:14:20,alice,10.10.20.15,APP01,3
2026-08-28 08:04:56,bob,10.10.10.11,APP01,3
2026-08-28 08:05:00,admin,10.10.10.13,FILE01,2
2026-08-28 08:06:18,admin,10.10.10.11,WEB01,3
2026-08-28 08:08:55,charlie,10.10.10.13,DC01,3
2026-08-28 08:12:21,david,10.10.10.13,WEB01,2
2026-08-28 08:16:31,admin,10.10.10.11,APP01,10
2026-08-28 08:16:52,alice,10.10.10.13,WEB01,2
2026-08-28 08:16:59,alice,10.10.10.11,SQL01,3
2026-08-28 08:17:38,charlie,10.10.10.11,DC01,3
2026-08-28 08:22:09,admin,10.10.10.11,DC01,3
2026-08-28 08:23:43,bob,10.10.10.11,SQL01,3
2026-08-28 08:24:21,bob,10.10.10.10,WEB01,2
2026-08-28 08:26:33,alice,10.10.10.11,DC01,3
2026-08-28 08:28:44,admin,10.10.10.10,FILE01,10
2026-08-28 08:28:46,charlie,10.10.10.10,DC01,3
2026-08-28 08:30:18,charlie,10.10.10.13,APP01,3
2026-08-28 08:36:20,bob,10.10.10.10,APP01,10
2026-08-28 08:39:36,david,10.10.10.12,DC01,2
2026-08-28 08:40:58,alice,10.10.10.13,DC01,3
2026-08-28 08:41:13,alice,10.10.10.10,APP01,3
2026-08-28 08:54:25,charlie,10.10.10.13,DC01,3
2026-08-28 08:55:44,charlie,10.10.10.12,DC01,3
2026-08-28 09:00:09,admin,10.10.10.11,SQL01,3
2026-08-28 09:07:22,david,10.10.10.13,DC01,3
2026-08-28 09:11:57,bob,10.10.10.10,FILE01,3
2026-08-28 09:14:53,admin,10.10.10.12,DC01,2
2026-08-28 09:21:40,bob,10.10.10.12,FILE01,3
2026-08-28 09:23:29,admin,10.10.10.12,DC01,10
2026-08-28 09:23:50,charlie,10.10.10.10,FILE01,3
2026-08-28 09:25:11,alice,10.10.10.13,DC01,10
2026-08-28 09:25:29,charlie,10.10.10.12,FILE01,3
2026-08-28 09:28:02,bob,10.10.10.13,SQL01,2
2026-08-28 09:31:12,david,10.10.10.12,DC01,2
2026-08-28 09:32:01,charlie,10.10.10.10,FILE01,3
2026-08-28 09:32:27,alice,10.10.10.13,WEB01,3
2026-08-28 09:32:29,charlie,10.10.10.13,DC01,3
2026-08-28 09:38:52,charlie,10.10.10.10,SQL01,3
2026-08-28 09:42:34,david,10.10.10.11,SQL01,3
2026-08-28 09:44:07,bob,10.10.10.10,WEB01,3
2026-08-28 09:50:15,bob,10.10.10.12,APP01,2
2026-08-28 09:51:40,alice,10.10.10.11,SQL01,2
2026-08-28 09:55:07,david,10.10.10.12,WEB01,3
2026-08-28 09:55:19,admin,10.10.10.13,APP01,3
2026-08-28 09:56:02,david,10.10.10.12,APP01,2
2026-08-28 10:00:46,alice,10.10.10.12,SQL01,3
2026-08-28 10:04:30,david,10.10.10.12,WEB01,3
2026-08-28 10:04:52,charlie,10.10.10.11,DC01,3
2026-08-28 10:08:52,charlie,10.10.10.10,DC01,3
2026-08-28 10:19:46,charlie,10.10.10.11,APP01,3
2026-08-28 10:22:51,bob,10.10.10.13,SQL01,3
2026-08-28 10:25:44,david,10.10.10.10,DC01,10
2026-08-28 10:29:00,david,10.10.10.10,DC01,3
2026-08-28 10:29:23,alice,10.10.10.11,APP01,10
2026-08-28 10:32:06,david,10.10.10.10,WEB01,10
2026-08-28 10:32:29,charlie,10.10.10.12,FILE01,3
2026-08-28 10:41:37,david,10.10.10.12,DC01,3
2026-08-28 10:45:29,bob,10.10.10.11,APP01,3
2026-08-28 10:49:25,alice,10.10.10.10,FILE01,3
2026-08-28 10:53:34,bob,10.10.10.12,WEB01,3
2026-08-28 10:54:13,charlie,10.10.10.13,SQL01,10
2026-08-28 10:58:34,david,10.10.10.13,WEB01,3
2026-08-28 10:58:44,alice,10.10.10.12,SQL01,3
2026-08-28 11:00:14,alice,10.10.10.13,WEB01,2
2026-08-28 11:04:34,admin,10.10.10.13,SQL01,3
2026-08-28 11:05:05,david,10.10.10.12,DC01,3
2026-08-28 11:05:46,bob,10.10.10.13,DC01,2
2026-08-28 11:10:53,david,10.10.10.10,APP01,3
2026-08-28 11:11:52,david,10.10.10.12,SQL01,2
2026-08-28 11:19:49,charlie,10.10.10.10,DC01,10
2026-08-28 11:24:07,david,10.10.10.12,DC01,3
2026-08-28 11:25:41,bob,10.10.10.13,APP01,10
2026-08-28 11:26:48,charlie,10.10.10.12,DC01,10
2026-08-28 11:38:03,admin,10.10.10.12,DC01,2
2026-08-28 11:39:13,bob,10.10.10.10,FILE01,3
2026-08-28 11:41:05,alice,10.10.10.13,WEB01,2
2026-08-28 11:43:29,charlie,10.10.10.11,WEB01,3
2026-08-28 11:44:16,david,10.10.10.10,APP01,3
2026-08-28 11:44:48,bob,10.10.10.13,SQL01,3
2026-08-28 11:49:28,david,10.10.10.10,DC01,3
2026-08-28 11:55:15,alice,10.10.10.11,FILE01,3
2026-08-28 12:03:38,admin,10.10.10.10,SQL01,2
2026-08-28 12:04:38,alice,10.10.10.13,FILE01,2
2026-08-28 12:04:45,admin,10.10.10.13,FILE01,3
2026-08-28 12:09:04,bob,10.10.10.12,WEB01,3
2026-08-28 12:11:48,charlie,10.10.10.13,APP01,10
2026-08-28 12:15:09,bob,10.10.10.13,DC01,2
2026-08-28 12:15:55,bob,10.10.10.13,FILE01,2
2026-08-28 12:18:16,admin,10.10.10.10,WEB01,3
2026-08-28 12:30:01,alice,10.10.10.12,DC01,3
2026-08-28 12:34:00,admin,10.10.10.11,WEB01,3
2026-08-28 12:35:06,david,10.10.10.13,WEB01,3
2026-08-28 12:39:21,bob,10.10.10.12,FILE01,3
2026-08-28 12:39:36,bob,10.10.10.13,APP01,3
2026-08-28 12:40:08,charlie,10.10.10.11,FILE01,3
2026-08-28 12:41:31,admin,10.10.10.12,SQL01,10
2026-08-28 12:42:27,bob,10.10.10.10,DC01,3
2026-08-28 12:43:38,alice,10.10.10.11,DC01,10
2026-08-28 12:44:51,bob,10.10.10.10,APP01,3
2026-08-28 12:47:59,charlie,10.10.10.13,SQL01,3
2026-08-28 12:50:04,david,10.10.10.12,SQL01,3
2026-08-28 12:51:08,charlie,10.10.10.13,WEB01,3
2026-08-28 12:52:01,charlie,10.10.10.13,APP01,3
2026-08-28 12:55:33,alice,10.10.10.11,FILE01,3
2026-08-28 13:00:35,admin,10.10.10.10,WEB01,3
2026-08-28 13:02:36,charlie,10.10.10.11,WEB01,3
2026-08-28 13:20:42,david,10.10.10.13,DC01,3
2026-08-28 13:28:47,admin,10.10.10.11,SQL01,2
2026-08-28 13:29:49,admin,10.10.10.11,SQL01,10
2026-08-28 13:34:50,bob,10.10.10.10,SQL01,3
2026-08-28 13:36:00,david,10.10.10.12,FILE01,10
2026-08-28 13:36:02,alice,10.10.10.11,WEB01,10
2026-08-28 13:38:32,alice,10.10.10.13,WEB01,2
2026-08-28 13:42:38,admin,10.10.10.12,SQL01,3
2026-08-28 13:43:14,alice,10.10.10.10,APP01,3
2026-08-28 13:44:35,bob,10.10.10.13,APP01,3
2026-08-28 13:45:59,bob,10.10.10.12,DC01,3
2026-08-28 13:46:55,admin,10.10.10.11,FILE01,10
2026-08-28 13:48:04,bob,10.10.10.13,WEB01,10
2026-08-28 13:49:10,alice,10.10.10.10,WEB01,3
2026-08-28 13:55:43,david,10.10.10.10,APP01,3
2026-08-28 13:56:44,admin,10.10.10.10,FILE01,3
2026-08-28 13:58:09,bob,10.10.10.10,SQL01,3
2026-08-28 14:00:22,admin,10.10.10.10,APP01,3
2026-08-28 14:01:24,david,10.10.10.11,WEB01,3
2026-08-28 14:02:21,alice,10.10.10.11,APP01,3
2026-08-28 14:03:32,bob,10.10.10.11,WEB01,3
2026-08-28 14:05:38,bob,10.10.10.13,SQL01,10
2026-08-28 14:06:29,admin,10.10.10.10,APP01,10
2026-08-28 14:08:06,admin,10.10.10.10,FILE01,2
2026-08-28 14:14:34,alice,10.10.10.11,DC01,3
2026-08-28 14:17:36,bob,10.10.10.13,SQL01,10
2026-08-28 14:19:30,alice,10.10.10.11,SQL01,10
2026-08-28 14:21:10,admin,10.10.10.11,SQL01,3
2026-08-28 14:24:07,alice,10.10.10.10,DC01,10
2026-08-28 14:27:34,david,10.10.10.12,SQL01,3
2026-08-28 14:28:40,alice,10.10.10.11,WEB01,3
2026-08-28 14:34:41,admin,10.10.10.12,WEB01,3
2026-08-28 14:35:30,alice,10.10.10.10,SQL01,2
2026-08-28 14:38:58,david,10.10.10.12,APP01,3
2026-08-28 14:41:57,david,10.10.10.13,APP01,2
2026-08-28 14:42:50,alice,10.10.10.12,SQL01,3
2026-08-28 14:47:23,charlie,10.10.10.13,SQL01,3
2026-08-28 14:47:28,charlie,10.10.10.10,WEB01,3
2026-08-28 14:51:51,alice,10.10.10.13,APP01,2
2026-08-28 14:53:56,david,10.10.10.12,FILE01,10
2026-08-28 14:54:05,bob,10.10.10.13,DC01,3
2026-08-28 14:58:28,admin,10.10.10.11,APP01,3
2026-08-28 15:02:47,admin,10.10.10.10,FILE01,3
2026-08-28 15:03:12,admin,10.10.10.10,APP01,10
2026-08-28 15:05:58,david,10.10.10.10,WEB01,3
2026-08-28 15:13:55,bob,10.10.10.11,SQL01,3
2026-08-28 15:15:29,admin,10.10.10.12,SQL01,10
2026-08-28 15:17:59,admin,10.10.10.11,FILE01,10
2026-08-28 15:25:00,david,10.10.10.12,WEB01,2
2026-08-28 15:47:26,alice,10.10.10.12,DC01,3
2026-08-28 15:49:18,bob,10.10.10.12,APP01,3
2026-08-28 15:49:23,admin,10.10.10.10,DC01,10
2026-08-28 15:55:47,admin,10.10.10.13,WEB01,3
2026-08-28 15:56:35,alice,10.10.10.11,WEB01,3
2026-08-28 16:00:21,admin,10.10.10.11,DC01,10
2026-08-28 16:02:49,david,10.10.10.11,SQL01,3
2026-08-28 16:03:35,david,10.10.10.11,FILE01,3
2026-08-28 16:11:12,charlie,10.10.10.13,DC01,3
2026-08-28 16:11:23,bob,10.10.10.13,APP01,10
2026-08-28 16:13:27,david,10.10.10.12,DC01,3
2026-08-28 16:16:12,alice,10.10.10.12,APP01,2
2026-08-28 16:17:01,david,10.10.10.13,APP01,3
2026-08-28 16:23:55,bob,10.10.10.10,SQL01,2
2026-08-28 16:27:11,david,10.10.10.11,WEB01,10
2026-08-28 16:29:06,charlie,10.10.10.12,WEB01,3
2026-08-28 16:30:47,bob,10.10.10.10,FILE01,2
2026-08-28 16:33:48,admin,10.10.10.13,DC01,2
2026-08-28 16:40:59,charlie,10.10.10.12,SQL01,2
2026-08-28 16:42:48,david,10.10.10.12,APP01,10
2026-08-28 16:49:58,admin,10.10.10.10,DC01,3
2026-08-28 16:53:58,charlie,10.10.10.13,APP01,10
2026-08-28 16:56:08,charlie,10.10.10.13,APP01,10
2026-08-28 16:58:35,alice,10.10.10.11,SQL01,2
2026-08-28 16:58:55,admin,10.10.10.12,WEB01,2
2026-08-28 17:05:54,alice,10.10.10.13,SQL01,3
2026-08-28 17:05:57,david,10.10.10.10,FILE01,10
2026-08-28 17:12:15,admin,10.10.10.12,WEB01,3
2026-08-28 17:12:20,admin,10.10.10.13,WEB01,2
2026-08-28 17:15:39,admin,10.10.10.13,SQL01,3
2026-08-28 17:15:50,admin,10.10.10.11,APP01,3
2026-08-28 17:15:55,alice,10.10.10.12,SQL01,3
2026-08-28 17:17:40,david,10.10.10.10,WEB01,2
2026-08-28 17:28:05,bob,10.10.10.11,WEB01,10
2026-08-28 17:32:09,david,10.10.10.11,WEB01,2
2026-08-28 17:32:41,alice,10.10.10.11,WEB01,3
2026-08-28 17:52:40,david,10.10.10.12,WEB01,3
2026-08-28 17:54:49,bob,10.10.10.11,DC01,10
2026-08-28 18:06:09,admin,10.10.10.13,FILE01,10
2026-08-28 18:07:55,bob,10.10.10.10,FILE01,3
2026-08-28 18:08:05,alice,10.10.10.11,SQL01,3
2026-08-28 18:08:55,admin,10.10.10.10,DC01,3
2026-08-28 18:09:16,bob,10.10.10.13,SQL01,3
2026-08-28 18:10:39,bob,10.10.10.12,APP01,3
2026-08-28 18:20:07,bob,10.10.10.13,WEB01,10
2026-08-28 18:24:39,charlie,10.10.10.11,WEB01,2
2026-08-28 18:25:52,alice,10.10.10.11,APP01,3
2026-08-28 18:26:45,admin,10.10.10.13,SQL01,3
2026-08-28 18:27:23,admin,10.10.10.10,DC01,3
2026-08-28 18:30:41,admin,10.10.10.11,SQL01,3
2026-08-28 18:31:32,david,10.10.10.11,WEB01,3
2026-08-28 18:31:51,admin,10.10.10.13,APP01,3
2026-08-28 18:35:10,alice,10.10.10.11,FILE01,3
2026-08-28 18:37:10,charlie,10.10.10.12,DC01,10
2026-08-28 18:43:06,charlie,10.10.10.11,DC01,3
2026-08-28 18:44:44,alice,10.10.10.12,FILE01,3
2026-08-28 18:53:06,alice,10.10.10.11,FILE01,3
2026-08-29 08:04:58,david,10.10.10.12,APP01,2
2026-08-29 08:09:15,alice,10.10.10.11,FILE01,3
2026-08-29 08:11:45,bob,10.10.10.11,APP01,3
2026-08-29 08:25:21,david,10.10.10.12,FILE01,3
2026-08-29 08:26:05,bob,10.10.10.12,APP01,3
2026-08-29 08:30:45,admin,10.10.10.12,DC01,3
2026-08-29 08:35:14,bob,10.10.10.10,WEB01,10
2026-08-29 08:35:26,david,10.10.10.13,DC01,2
2026-08-29 08:37:56,david,10.10.10.12,WEB01,3
2026-08-29 08:40:50,charlie,10.10.10.10,FILE01,3
2026-08-29 08:44:07,david,10.10.10.11,FILE01,3
2026-08-29 08:45:36,david,10.10.10.13,SQL01,3
2026-08-29 08:47:52,bob,10.10.10.13,SQL01,3
2026-08-29 08:50:02,charlie,10.10.10.12,APP01,3
2026-08-29 08:56:08,david,10.10.10.13,APP01,3
2026-08-29 08:56:31,david,10.10.10.13,APP01,3
2026-08-29 08:56:35,alice,10.10.10.11,SQL01,3
2026-08-29 08:58:37,david,10.10.10.10,WEB01,3
2026-08-29 08:59:27,david,10.10.10.10,APP01,10
2026-08-29 09:02:28,bob,10.10.10.11,DC01,10
2026-08-29 09:02:56,charlie,10.10.10.13,SQL01,3
2026-08-29 09:15:37,alice,10.10.10.11,SQL01,10
2026-08-29 09:18:46,bob,10.10.10.10,DC01,10
2026-08-29 09:21:17,bob,10.10.10.10,APP01,2
2026-08-29 09:23:55,bob,10.10.10.10,APP01,10
2026-08-29 09:29:00,charlie,10.10.10.12,WEB01,3
2026-08-29 09:34:18,alice,10.10.10.12,WEB01,3
2026-08-29 09:36:03,admin,10.10.10.11,SQL01,3
2026-08-29 09:40:07,bob,10.10.10.12,FILE01,10
2026-08-29 09:41:11,david,10.10.10.10,WEB01,2
2026-08-29 09:41:21,charlie,10.10.10.13,WEB01,2
2026-08-29 09:42:13,alice,10.10.10.11,SQL01,3
2026-08-29 09:46:16,alice,10.10.10.10,DC01,3
2026-08-29 09:47:32,david,10.10.10.11,FILE01,2
2026-08-29 09:47:37,admin,10.10.10.12,FILE01,3
2026-08-29 09:48:00,david,10.10.10.13,FILE01,3
2026-08-29 09:49:42,charlie,10.10.10.13,DC01,3
2026-08-29 09:49:49,alice,10.10.10.12,DC01,3
2026-08-29 09:58:13,charlie,10.10.10.10,WEB01,3
2026-08-29 10:03:37,david,10.10.10.10,WEB01,10
2026-08-29 10:12:16,admin,10.10.10.10,WEB01,2
2026-08-29 10:13:35,david,10.10.10.13,DC01,3
2026-08-29 10:15:36,david,10.10.10.10,WEB01,3
2026-08-29 10:22:03,bob,10.10.10.10,WEB01,3
2026-08-29 10:24:09,alice,10.10.10.12,APP01,3
2026-08-29 10:25:32,david,10.10.10.10,FILE01,3
2026-08-29 10:26:29,david,10.10.10.10,SQL01,10
2026-08-29 10:27:40,david,10.10.10.13,WEB01,3
2026-08-29 10:31:13,bob,10.10.10.10,APP01,3
2026-08-29 10:34:01,david,10.10.10.11,SQL01,3
2026-08-29 10:36:23,charlie,10.10.10.12,APP01,3
2026-08-29 10:36:42,bob,10.10.10.13,FILE01,3
2026-08-29 10:45:05,charlie,10.10.10.12,SQL01,3
2026-08-29 10:46:56,david,10.10.10.10,DC01,3
2026-08-29 11:02:08,charlie,10.10.10.11,SQL01,2
2026-08-29 11:09:27,admin,10.10.10.11,SQL01,3
2026-08-29 11:09:46,david,10.10.10.10,SQL01,10
2026-08-29 11:11:35,charlie,10.10.10.10,FILE01,3
2026-08-29 11:12:49,alice,10.10.10.10,SQL01,3
2026-08-29 11:15:19,david,10.10.10.12,SQL01,3
2026-08-29 11:18:10,charlie,10.10.10.10,WEB01,3
2026-08-29 11:18:44,charlie,10.10.10.12,SQL01,3
2026-08-29 11:19:11,charlie,10.10.10.13,WEB01,2
2026-08-29 11:22:40,alice,10.10.10.13,DC01,2
2026-08-29 11:24:14,david,10.10.10.12,FILE01,3
2026-08-29 11:24:53,bob,10.10.10.13,FILE01,3
2026-08-29 11:27:54,bob,10.10.10.10,WEB01,3
2026-08-29 11:28:58,alice,10.10.10.12,WEB01,3
2026-08-29 11:29:35,admin,10.10.10.10,FILE01,2
2026-08-29 11:31:25,alice,10.10.10.12,SQL01,10
2026-08-29 11:32:25,admin,10.10.10.12,FILE01,10
2026-08-29 11:32:51,admin,10.10.10.12,SQL01,3
2026-08-29 11:34:11,charlie,10.10.10.10,APP01,10
2026-08-29 11:38:32,charlie,10.10.10.10,WEB01,3
2026-08-29 11:42:15,bob,10.10.10.13,FILE01,10
2026-08-29 11:45:02,charlie,10.10.10.12,FILE01,3
2026-08-29 11:45:43,bob,10.10.10.12,APP01,3
2026-08-29 11:55:49,alice,10.10.10.10,WEB01,3
2026-08-29 11:56:45,david,10.10.10.12,DC01,3
2026-08-29 11:57:12,alice,10.10.10.10,APP01,3
2026-08-29 12:02:20,alice,10.10.10.13,DC01,10
2026-08-29 12:04:22,david,10.10.10.10,FILE01,3
2026-08-29 12:06:27,bob,10.10.10.12,SQL01,3
2026-08-29 12:08:57,david,10.10.10.13,SQL01,3
2026-08-29 12:19:42,admin,10.10.10.12,DC01,3
2026-08-29 12:22:49,admin,10.10.10.13,WEB01,3
2026-08-29 12:28:08,david,10.10.10.13,APP01,10
2026-08-29 12:31:02,bob,10.10.10.11,SQL01,3
2026-08-29 12:32:35,bob,10.10.10.12,DC01,10
2026-08-29 12:39:24,admin,10.10.10.10,DC01,3
2026-08-29 12:39:58,charlie,10.10.10.12,DC01,3
2026-08-29 12:40:35,alice,10.10.10.11,APP01,3
2026-08-29 12:44:31,david,10.10.10.13,APP01,3
2026-08-29 12:50:58,bob,10.10.10.11,WEB01,3
2026-08-29 12:57:42,bob,10.10.10.11,APP01,10
2026-08-29 12:58:03,david,10.10.10.11,SQL01,10
2026-08-29 13:03:00,bob,10.10.10.12,DC01,10
2026-08-29 13:05:08,bob,10.10.10.12,WEB01,3
2026-08-29 13:11:27,david,10.10.10.10,SQL01,3
2026-08-29 13:12:45,admin,10.10.10.12,APP01,2
2026-08-29 13:17:43,charlie,10.10.10.13,APP01,3
2026-08-29 13:20:54,bob,10.10.10.13,WEB01,3
2026-08-29 13:27:30,david,10.10.10.12,DC01,3
2026-08-29 13:27:36,alice,10.10.10.13,DC01,3
2026-08-29 13:28:40,bob,10.10.10.13,DC01,3
2026-08-29 13:35:06,charlie,10.10.10.13,FILE01,3
2026-08-29 13:35:59,charlie,10.10.10.12,WEB01,3
2026-08-29 13:36:08,david,10.10.10.11,WEB01,10
2026-08-29 13:36:23,bob,10.10.10.13,DC01,3
2026-08-29 13:40:12,david,10.10.10.10,WEB01,10
2026-08-29 13:41:04,alice,10.10.10.13,DC01,3
2026-08-29 13:44:15,david,10.10.10.13,APP01,3
2026-08-29 13:48:34,david,10.10.10.13,WEB01,3
2026-08-29 13:56:31,admin,10.10.10.11,APP01,3
2026-08-29 13:59:59,david,10.10.10.12,SQL01,3
2026-08-29 14:09:50,david,10.10.10.11,FILE01,10
2026-08-29 14:10:59,bob,10.10.10.12,SQL01,3
2026-08-29 14:11:29,david,10.10.10.13,APP01,10
2026-08-29 14:23:15,alice,10.10.10.13,DC01,3
2026-08-29 14:24:20,admin,10.10.10.10,WEB01,10
2026-08-29 14:25:23,bob,10.10.10.12,APP01,3
2026-08-29 14:27:25,alice,10.10.10.12,FILE01,3
2026-08-29 14:28:48,charlie,10.10.10.12,DC01,10
2026-08-29 14:29:33,david,10.10.10.10,SQL01,3
2026-08-29 14:30:49,admin,10.10.10.12,SQL01,3
2026-08-29 14:30:51,alice,10.10.10.11,DC01,10
2026-08-29 14:35:33,alice,10.10.10.12,APP01,3
2026-08-29 14:39:47,bob,10.10.10.13,SQL01,3
2026-08-29 14:40:01,charlie,10.10.10.11,APP01,3
2026-08-29 14:40:40,bob,10.10.10.13,APP01,10
2026-08-29 14:43:20,david,10.10.10.10,FILE01,3
2026-08-29 14:43:55,alice,10.10.10.13,APP01,3
2026-08-29 14:45:56,admin,10.10.10.12,WEB01,3
2026-08-29 14:47:00,charlie,10.10.10.11,WEB01,3
2026-08-29 14:47:09,alice,10.10.10.12,APP01,3
2026-08-29 14:47:17,david,10.10.10.10,DC01,3
2026-08-29 14:52:34,bob,10.10.10.13,DC01,10
2026-08-29 14:57:42,david,10.10.10.11,DC01,10
2026-08-29 14:57:58,bob,10.10.10.11,WEB01,3
2026-08-29 14:58:55,admin,10.10.10.11,FILE01,2
2026-08-29 15:09:28,bob,10.10.10.12,APP01,2
2026-08-29 15:10:34,charlie,10.10.10.11,WEB01,3
2026-08-29 15:15:12,david,10.10.10.13,DC01,3
2026-08-29 15:23:03,admin,10.10.10.10,SQL01,3
2026-08-29 15:26:04,charlie,10.10.10.10,WEB01,3
2026-08-29 15:28:07,charlie,10.10.10.13,WEB01,3
2026-08-29 15:28:11,alice,10.10.10.11,WEB01,3
2026-08-29 15:30:37,david,10.10.10.13,DC01,3
2026-08-29 15:31:03,david,10.10.10.11,DC01,3
2026-08-29 15:46:21,david,10.10.10.13,APP01,3
2026-08-29 15:58:54,alice,10.10.10.10,APP01,10
2026-08-29 16:00:44,charlie,10.10.10.13,WEB01,3
2026-08-29 16:00:52,david,10.10.10.13,DC01,2
2026-08-29 16:05:25,charlie,10.10.10.11,SQL01,3
2026-08-29 16:08:24,alice,10.10.10.13,SQL01,3
2026-08-29 16:13:44,admin,10.10.10.12,APP01,2
2026-08-29 16:20:49,alice,10.10.10.12,WEB01,2
2026-08-29 16:21:27,bob,10.10.10.10,SQL01,3
2026-08-29 16:21:55,david,10.10.10.10,FILE01,2
2026-08-29 16:27:06,david,10.10.10.12,SQL01,2
2026-08-29 16:30:04,david,10.10.10.12,SQL01,3
2026-08-29 16:32:50,alice,10.10.10.12,DC01,10
2026-08-29 16:34:41,charlie,10.10.10.10,WEB01,2
2026-08-29 16:37:46,bob,10.10.10.10,WEB01,3
2026-08-29 16:38:46,charlie,10.10.10.10,FILE01,10
2026-08-29 16:39:10,bob,10.10.10.13,SQL01,3
2026-08-29 16:39:22,admin,10.10.10.12,WEB01,3
2026-08-29 16:42:06,admin,10.10.10.12,FILE01,2
2026-08-29 16:44:43,bob,10.10.10.13,WEB01,2
2026-08-29 16:44:44,admin,10.10.10.11,WEB01,10
2026-08-29 16:46:39,david,10.10.10.13,SQL01,3
2026-08-29 16:48:16,bob,10.10.10.11,FILE01,10
2026-08-29 16:50:39,david,10.10.10.13,FILE01,3
2026-08-29 16:56:54,bob,10.10.10.12,APP01,3
2026-08-29 17:03:39,admin,10.10.10.13,WEB01,2
2026-08-29 17:04:30,david,10.10.10.10,APP01,3
2026-08-29 17:05:14,david,10.10.10.13,APP01,3
2026-08-29 17:05:43,admin,10.10.10.11,WEB01,3
2026-08-29 17:06:59,alice,10.10.10.10,WEB01,3
2026-08-29 17:08:20,admin,10.10.10.13,FILE01,10
2026-08-29 17:09:27,admin,10.10.10.10,WEB01,3
2026-08-29 17:09:36,admin,10.10.10.10,WEB01,3
2026-08-29 17:12:29,charlie,10.10.10.11,SQL01,2
2026-08-29 17:12:54,david,10.10.10.11,DC01,10
2026-08-29 17:14:38,admin,10.10.10.12,APP01,3
2026-08-29 17:28:48,charlie,10.10.10.11,DC01,2
2026-08-29 17:29:20,alice,10.10.10.13,DC01,10
2026-08-29 17:32:06,charlie,10.10.10.10,DC01,3
2026-08-29 17:33:44,charlie,10.10.10.11,DC01,3
2026-08-29 17:34:33,charlie,10.10.10.13,APP01,2
2026-08-29 17:36:11,admin,10.10.10.12,WEB01,3
2026-08-29 17:45:52,david,10.10.10.10,APP01,2
2026-08-29 17:47:56,bob,10.10.10.13,FILE01,3
2026-08-29 17:48:17,bob,10.10.10.10,SQL01,3
2026-08-29 17:50:47,alice,10.10.10.13,SQL01,2
2026-08-29 17:53:50,bob,10.10.10.10,FILE01,3
2026-08-29 18:02:57,admin,10.10.10.11,FILE01,10
2026-08-29 18:04:29,bob,10.10.10.11,WEB01,2
2026-08-29 18:11:02,alice,10.10.10.11,DC01,10
2026-08-29 18:11:18,admin,10.10.10.12,FILE01,2
2026-08-29 18:13:28,bob,10.10.10.11,DC01,2
2026-08-29 18:17:39,charlie,10.10.10.13,DC01,10
2026-08-29 18:20:12,admin,10.10.10.12,SQL01,3
2026-08-29 18:21:59,bob,10.10.10.13,DC01,2
2026-08-29 18:22:07,alice,10.10.10.12,WEB01,2
2026-08-29 18:22:43,bob,10.10.10.13,DC01,3
2026-08-29 18:24:57,charlie,10.10.10.10,APP01,3
2026-08-29 18:34:39,david,10.10.10.13,DC01,3
2026-08-29 18:36:25,bob,10.10.10.12,SQL01,2
2026-08-29 18:36:30,alice,10.10.10.13,APP01,3
2026-08-29 18:36:33,alice,10.10.10.10,SQL01,3
2026-08-29 18:42:51,alice,10.10.10.11,WEB01,3
2026-08-29 18:46:57,admin,10.10.10.11,FILE01,10
2026-08-29 18:48:17,admin,10.10.10.10,DC01,3
2026-08-29 18:49:47,charlie,10.10.10.12,DC01,10
2026-08-29 18:50:02,alice,10.10.10.12,DC01,2
2026-08-29 18:53:00,david,10.10.10.10,DC01,2
2026-08-29 18:58:10,bob,10.10.10.13,FILE01,3
2026-08-29 18:58:48,charlie,10.10.10.13,FILE01,3
2026-08-29 18:59:57,charlie,10.10.10.11,SQL01,3
2026-08-30 08:09:31,bob,10.10.10.11,DC01,2
2026-08-30 08:11:26,alice,10.10.10.13,DC01,10
2026-08-30 08:12:25,charlie,10.10.10.11,FILE01,3
2026-08-30 08:13:13,david,10.10.10.13,SQL01,3
2026-08-30 08:13:33,charlie,10.10.10.12,FILE01,3
2026-08-30 08:14:03,david,10.10.10.12,APP01,3
2026-08-30 08:17:50,charlie,10.10.10.13,WEB01,3
2026-08-30 08:19:16,charlie,10.10.10.13,APP01,3
2026-08-30 08:22:02,alice,10.10.10.11,FILE01,3
2026-08-30 08:22:55,admin,10.10.10.11,DC01,3
2026-08-30 08:23:18,bob,10.10.10.11,DC01,3
2026-08-30 08:24:59,admin,10.10.10.13,WEB01,3
2026-08-30 08:27:00,david,10.10.10.11,WEB01,10
2026-08-30 08:31:18,david,10.10.10.12,FILE01,3
2026-08-30 08:32:45,david,10.10.10.11,WEB01,3
2026-08-30 08:37:15,bob,10.10.10.10,FILE01,3
2026-08-30 08:39:56,bob,10.10.10.13,SQL01,3
2026-08-30 08:54:04,admin,10.10.10.10,APP01,3
2026-08-30 09:13:54,david,10.10.10.13,WEB01,3
2026-08-30 09:27:12,bob,10.10.10.10,SQL01,3
2026-08-30 09:27:22,david,10.10.10.11,DC01,3
2026-08-30 09:27:53,david,10.10.10.12,DC01,3
2026-08-30 09:28:47,alice,10.10.10.12,SQL01,3
2026-08-30 09:32:07,bob,10.10.10.13,SQL01,3
2026-08-30 09:36:49,charlie,10.10.10.13,DC01,3
2026-08-30 09:40:06,bob,10.10.10.12,WEB01,2
2026-08-30 09:46:32,david,10.10.10.11,SQL01,10
2026-08-30 09:49:08,david,10.10.10.12,SQL01,2
2026-08-30 09:49:30,bob,10.10.10.10,WEB01,3
2026-08-30 09:50:54,alice,10.10.10.12,APP01,3
2026-08-30 09:52:17,bob,10.10.10.13,FILE01,10
2026-08-30 09:59:17,david,10.10.10.12,DC01,10
2026-08-30 10:14:53,bob,10.10.10.13,APP01,2
2026-08-30 10:16:10,alice,10.10.10.10,WEB01,3
2026-08-30 10:17:05,david,10.10.10.13,DC01,2
2026-08-30 10:21:51,alice,10.10.10.10,DC01,3
2026-08-30 10:29:27,alice,10.10.10.13,WEB01,2
2026-08-30 10:29:57,alice,10.10.10.11,SQL01,10
2026-08-30 10:32:16,alice,10.10.10.11,APP01,3
2026-08-30 10:35:45,alice,10.10.10.12,WEB01,2
2026-08-30 10:40:01,admin,10.10.10.13,DC01,2
2026-08-30 10:43:48,david,10.10.10.11,FILE01,3
2026-08-30 10:44:00,david,10.10.10.13,FILE01,2
2026-08-30 10:44:53,admin,10.10.10.13,WEB01,10
2026-08-30 10:46:02,david,10.10.10.12,WEB01,10
2026-08-30 10:46:33,alice,10.10.10.13,DC01,3
2026-08-30 10:51:36,charlie,10.10.10.11,DC01,2
2026-08-30 10:52:08,david,10.10.10.11,APP01,2
2026-08-30 10:54:27,alice,10.10.10.12,SQL01,3
2026-08-30 10:55:22,david,10.10.10.10,APP01,2
2026-08-30 10:55:59,alice,10.10.10.13,SQL01,3
2026-08-30 11:04:46,alice,10.10.10.13,APP01,3
2026-08-30 11:04:49,alice,10.10.10.10,WEB01,2
2026-08-30 11:09:55,david,10.10.10.12,APP01,10
2026-08-30 11:09:58,david,10.10.10.10,APP01,3
2026-08-30 11:13:39,charlie,10.10.10.13,APP01,2
2026-08-30 11:14:03,bob,10.10.10.10,APP01,2
2026-08-30 11:14:19,david,10.10.10.13,APP01,2
2026-08-30 11:18:16,alice,10.10.10.13,WEB01,3
2026-08-30 11:26:55,charlie,10.10.10.11,DC01,3
2026-08-30 11:27:20,alice,10.10.10.11,DC01,2
2026-08-30 11:27:48,admin,10.10.10.10,WEB01,3
2026-08-30 11:28:37,david,10.10.10.10,DC01,10
2026-08-30 11:28:46,david,10.10.10.13,SQL01,3
2026-08-30 11:41:44,bob,10.10.10.10,APP01,10
2026-08-30 11:42:22,admin,10.10.10.10,DC01,3
2026-08-30 11:43:40,charlie,10.10.10.13,FILE01,2
2026-08-30 11:55:19,alice,10.10.10.11,WEB01,3
2026-08-30 12:06:56,admin,10.10.10.10,APP01,3
2026-08-30 12:18:01,david,10.10.10.12,APP01,3
2026-08-30 12:23:08,alice,10.10.10.13,WEB01,3
2026-08-30 12:24:03,david,10.10.10.11,SQL01,3
2026-08-30 12:26:32,bob,10.10.10.11,FILE01,2
2026-08-30 12:26:38,charlie,10.10.10.13,WEB01,2
2026-08-30 12:27:32,alice,10.10.10.12,FILE01,2
2026-08-30 12:27:44,david,10.10.10.13,DC01,3
2026-08-30 12:32:52,alice,10.10.10.13,FILE01,2
2026-08-30 12:37:25,charlie,10.10.10.12,DC01,3
2026-08-30 12:38:15,charlie,10.10.10.12,FILE01,3
2026-08-30 12:39:15,bob,10.10.10.12,APP01,3
2026-08-30 12:43:37,charlie,10.10.10.13,DC01,3
2026-08-30 12:44:40,bob,10.10.10.13,WEB01,3
2026-08-30 12:45:24,admin,10.10.10.13,FILE01,3
2026-08-30 12:45:32,alice,10.10.10.13,APP01,3
2026-08-30 12:45:41,bob,10.10.10.12,APP01,3
2026-08-30 12:45:57,charlie,10.10.10.12,WEB01,3
2026-08-30 12:45:57,admin,10.10.10.11,FILE01,10
2026-08-30 12:53:40,alice,10.10.10.11,WEB01,3
2026-08-30 12:54:10,alice,10.10.10.13,FILE01,2
2026-08-30 12:56:58,david,10.10.10.10,DC01,3
2026-08-30 13:04:15,alice,10.10.10.13,FILE01,3
2026-08-30 13:08:16,bob,10.10.10.10,SQL01,2
2026-08-30 13:17:15,bob,10.10.10.12,SQL01,2
2026-08-30 13:19:15,alice,10.10.10.12,WEB01,10
2026-08-30 13:25:25,alice,10.10.10.12,SQL01,10
2026-08-30 13:30:58,bob,10.10.10.11,WEB01,3
2026-08-30 13:32:25,charlie,10.10.10.10,WEB01,10
2026-08-30 13:35:31,david,10.10.10.10,SQL01,3
2026-08-30 13:40:41,bob,10.10.10.11,SQL01,2
2026-08-30 13:41:50,charlie,10.10.10.13,APP01,3
2026-08-30 13:42:24,david,10.10.10.13,DC01,10
2026-08-30 13:42:25,admin,10.10.10.12,DC01,10
2026-08-30 13:44:11,bob,10.10.10.11,APP01,3
2026-08-30 13:47:59,david,10.10.10.12,APP01,10
2026-08-30 13:52:41,admin,10.10.10.11,WEB01,3
2026-08-30 14:07:34,david,10.10.10.12,DC01,2
2026-08-30 14:08:05,bob,10.10.10.11,WEB01,3
2026-08-30 14:15:19,alice,10.10.10.12,FILE01,10
2026-08-30 14:19:00,bob,10.10.10.12,FILE01,3
2026-08-30 14:20:00,charlie,10.10.10.11,DC01,3
2026-08-30 14:20:07,bob,10.10.10.12,WEB01,2
2026-08-30 14:20:33,alice,10.10.10.12,SQL01,2
2026-08-30 14:23:20,bob,10.10.10.11,APP01,10
2026-08-30 14:31:17,david,10.10.10.10,FILE01,10
2026-08-30 14:31:48,bob,10.10.10.13,FILE01,10
2026-08-30 14:32:59,charlie,10.10.10.13,DC01,3
2026-08-30 14:36:12,david,10.10.10.10,SQL01,3
2026-08-30 14:36:39,alice,10.10.10.12,WEB01,2
2026-08-30 14:38:16,david,10.10.10.11,SQL01,2
2026-08-30 14:44:35,alice,10.10.10.12,SQL01,3
2026-08-30 14:47:52,bob,10.10.10.12,DC01,3
2026-08-30 14:48:25,charlie,10.10.10.11,SQL01,10
2026-08-30 14:50:40,alice,10.10.10.12,FILE01,3
2026-08-30 14:52:49,admin,10.10.10.11,DC01,3
2026-08-30 14:55:33,bob,10.10.10.10,SQL01,2
2026-08-30 15:05:37,bob,10.10.10.13,WEB01,2
2026-08-30 15:09:16,bob,10.10.10.12,APP01,3
2026-08-30 15:09:41,bob,10.10.10.10,FILE01,3
2026-08-30 15:12:15,charlie,10.10.10.11,FILE01,3
2026-08-30 15:17:07,alice,10.10.10.11,FILE01,3
2026-08-30 15:17:38,alice,10.10.10.13,SQL01,2
2026-08-30 15:19:12,admin,10.10.10.10,WEB01,3
2026-08-30 15:19:44,charlie,10.10.10.13,DC01,3
2026-08-30 15:20:55,bob,10.10.10.13,APP01,3
2026-08-30 15:20:56,charlie,10.10.10.11,FILE01,3
2026-08-30 15:23:05,alice,10.10.10.10,DC01,10
2026-08-30 15:23:52,charlie,10.10.10.11,WEB01,3
2026-08-30 15:25:55,alice,10.10.10.11,SQL01,10
2026-08-30 15:26:51,admin,10.10.10.10,FILE01,3
2026-08-30 15:30:30,david,10.10.10.12,DC01,3
2026-08-30 15:33:35,alice,10.10.10.13,FILE01,10
2026-08-30 15:36:48,david,10.10.10.11,APP01,3
2026-08-30 15:37:32,admin,10.10.10.10,SQL01,3
2026-08-30 15:41:01,david,10.10.10.12,DC01,2
2026-08-30 15:41:47,david,10.10.10.12,WEB01,3
2026-08-30 15:42:03,admin,10.10.10.13,WEB01,2
2026-08-30 15:48:06,admin,10.10.10.11,SQL01,2
2026-08-30 15:53:28,admin,10.10.10.12,DC01,3
2026-08-30 15:54:44,alice,10.10.10.12,SQL01,2
2026-08-30 15:59:31,charlie,10.10.10.13,SQL01,3
2026-08-30 16:01:18,david,10.10.10.11,FILE01,3
2026-08-30 16:07:17,admin,10.10.10.12,WEB01,10
2026-08-30 16:11:48,david,10.10.10.13,WEB01,3
2026-08-30 16:14:09,admin,10.10.10.11,WEB01,2
2026-08-30 16:17:13,bob,10.10.10.11,DC01,3
2026-08-30 16:17:39,bob,10.10.10.13,FILE01,10
2026-08-30 16:20:38,alice,10.10.10.12,SQL01,3
2026-08-30 16:20:50,david,10.10.10.11,APP01,3
2026-08-30 16:22:03,charlie,10.10.10.10,WEB01,3
2026-08-30 16:29:14,admin,10.10.10.12,SQL01,2
2026-08-30 16:29:48,admin,10.10.10.11,FILE01,3
2026-08-30 16:31:49,alice,10.10.10.13,FILE01,10
2026-08-30 16:35:15,alice,10.10.10.13,SQL01,2
2026-08-30 16:38:12,bob,10.10.10.12,APP01,3
2026-08-30 16:39:07,bob,10.10.10.13,DC01,3
2026-08-30 16:39:40,bob,10.10.10.10,DC01,3
2026-08-30 16:40:20,bob,10.10.10.11,APP01,2
2026-08-30 16:46:31,david,10.10.10.10,FILE01,2
2026-08-30 16:52:34,admin,10.10.10.10,SQL01,3
2026-08-30 16:55:49,alice,10.10.10.10,FILE01,3
2026-08-30 16:56:24,charlie,10.10.10.12,APP01,10
2026-08-30 16:56:59,david,10.10.10.12,FILE01,10
2026-08-30 16:59:04,alice,10.10.10.12,WEB01,10
2026-08-30 17:00:14,david,10.10.10.11,APP01,2
2026-08-30 17:00:29,alice,10.10.10.13,WEB01,3
2026-08-30 17:01:49,bob,10.10.10.12,WEB01,3
2026-08-30 17:10:48,admin,10.10.10.10,FILE01,10
2026-08-30 17:11:00,bob,10.10.10.10,FILE01,10
2026-08-30 17:12:30,bob,10.10.10.12,WEB01,3
2026-08-30 17:12:37,alice,10.10.10.12,DC01,10
2026-08-30 17:13:25,alice,10.10.10.13,FILE01,3
2026-08-30 17:17:03,bob,10.10.10.11,SQL01,3
2026-08-30 17:18:43,bob,10.10.10.11,FILE01,3
2026-08-30 17:19:43,david,10.10.10.12,SQL01,3
2026-08-30 17:20:29,bob,10.10.10.13,APP01,3
2026-08-30 17:21:51,charlie,10.10.10.10,FILE01,3
2026-08-30 17:27:29,david,10.10.10.11,FILE01,3
2026-08-30 17:29:48,david,10.10.10.12,WEB01,3
2026-08-30 17:31:55,charlie,10.10.10.12,APP01,3
2026-08-30 17:33:18,alice,10.10.10.13,SQL01,10
2026-08-30 17:34:03,charlie,10.10.10.11,DC01,3
2026-08-30 17:35:18,david,10.10.10.13,APP01,2
2026-08-30 17:37:35,alice,10.10.10.11,WEB01,3
2026-08-30 17:42:35,alice,10.10.10.10,FILE01,3
2026-08-30 17:43:03,david,10.10.10.13,DC01,3
2026-08-30 17:43:09,charlie,10.10.10.10,APP01,2
2026-08-30 17:45:26,charlie,10.10.10.13,APP01,10
2026-08-30 17:48:53,admin,10.10.10.12,SQL01,2
2026-08-30 17:52:07,bob,10.10.10.11,WEB01,3
2026-08-30 17:53:19,charlie,10.10.10.11,SQL01,10
2026-08-30 17:53:33,bob,10.10.10.11,APP01,10
2026-08-30 17:54:17,alice,10.10.10.12,SQL01,3
2026-08-30 17:58:09,alice,10.10.10.10,FILE01,2
2026-08-30 18:00:59,alice,10.10.10.13,FILE01,2
2026-08-30 18:04:38,charlie,10.10.10.11,WEB01,3
2026-08-30 18:05:06,bob,10.10.10.11,FILE01,3
2026-08-30 18:05:49,admin,10.10.10.11,SQL01,3
2026-08-30 18:09:14,bob,10.10.10.11,APP01,2
2026-08-30 18:09:57,alice,10.10.10.13,DC01,10
2026-08-30 18:09:58,david,10.10.10.12,FILE01,3
2026-08-30 18:13:17,admin,10.10.10.11,SQL01,2
2026-08-30 18:17:40,admin,10.10.10.11,DC01,3
2026-08-30 18:21:56,charlie,10.10.10.12,FILE01,3
2026-08-30 18:31:09,charlie,10.10.10.13,APP01,3
2026-08-30 18:31:28,david,10.10.10.11,SQL01,2
2026-08-30 18:33:29,david,10.10.10.10,FILE01,10
2026-08-30 18:34:27,alice,10.10.10.12,SQL01,10
2026-08-30 18:34:51,admin,10.10.10.12,WEB01,3
2026-08-30 18:39:21,alice,10.10.10.12,APP01,2
2026-08-30 18:41:06,david,10.10.10.13,DC01,2
2026-08-30 18:41:25,admin,10.10.10.10,APP01,3
2026-08-30 18:44:23,charlie,10.10.10.12,WEB01,2
2026-08-30 18:44:38,bob,10.10.10.12,APP01,10
2026-08-30 18:45:49,alice,10.10.10.13,WEB01,3
2026-08-30 18:46:56,charlie,10.10.10.11,DC01,3
2026-08-30 18:50:01,admin,10.10.10.10,WEB01,3
2026-08-30 18:54:16,bob,10.10.10.12,FILE01,10
2026-08-30 18:55:30,charlie,10.10.10.13,APP01,10
2026-08-30 18:56:34,david,10.10.10.13,APP01,2
2026-08-31 08:03:41,admin,10.10.10.12,SQL01,3
2026-08-31 08:07:09,bob,10.10.10.13,DC01,3
2026-08-31 08:08:42,alice,10.10.10.10,DC01,3
2026-08-31 08:12:56,alice,10.10.10.12,FILE01,2
2026-08-31 08:23:40,bob,10.10.10.11,SQL01,2
2026-08-31 08:23:44,admin,10.10.10.13,APP01,10
2026-08-31 08:29:53,david,10.10.10.13,DC01,10
2026-08-31 08:30:23,admin,10.10.10.10,APP01,10
2026-08-31 08:30:33,bob,10.10.10.10,WEB01,3
2026-08-31 08:33:19,charlie,10.10.10.13,SQL01,10
2026-08-31 08:39:17,charlie,10.10.10.13,WEB01,10
2026-08-31 08:40:32,admin,10.10.10.12,SQL01,3
2026-08-31 08:42:32,alice,10.10.10.11,DC01,10
2026-08-31 08:43:15,bob,10.10.10.12,APP01,2
2026-08-31 08:45:07,charlie,10.10.10.10,WEB01,2
2026-08-31 08:46:28,admin,10.10.10.12,APP01,10
2026-08-31 08:49:11,bob,10.10.10.11,FILE01,3
2026-08-31 08:51:14,charlie,10.10.10.11,DC01,10
2026-08-31 08:54:04,bob,10.10.10.10,APP01,2
2026-08-31 09:02:19,admin,10.10.10.12,FILE01,3
2026-08-31 09:05:41,admin,10.10.10.11,DC01,3
2026-08-31 09:09:30,bob,10.10.10.13,DC01,10
2026-08-31 09:11:04,bob,10.10.10.10,APP01,10
2026-08-31 09:14:55,alice,10.10.10.11,WEB01,2
2026-08-31 09:16:44,bob,10.10.10.11,WEB01,3
2026-08-31 09:20:09,david,10.10.10.12,APP01,2
2026-08-31 09:30:50,bob,10.10.10.13,FILE01,10
2026-08-31 09:32:04,alice,10.10.10.13,FILE01,2
2026-08-31 09:32:16,alice,10.10.10.12,WEB01,10
2026-08-31 09:33:17,bob,10.10.10.10,APP01,3
2026-08-31 09:33:43,charlie,10.10.10.12,FILE01,3
2026-08-31 09:36:50,alice,10.10.10.12,APP01,2
2026-08-31 09:38:08,admin,10.10.10.10,DC01,3
2026-08-31 09:39:39,david,10.10.10.13,DC01,2
2026-08-31 09:39:40,charlie,10.10.10.12,FILE01,3
2026-08-31 09:39:42,david,10.10.10.11,WEB01,10
2026-08-31 09:40:10,david,10.10.10.13,APP01,2
2026-08-31 09:40:19,admin,10.10.10.11,APP01,10
2026-08-31 09:40:45,bob,10.10.10.10,SQL01,2
2026-08-31 09:44:26,david,10.10.10.10,DC01,10
2026-08-31 09:48:09,david,10.10.10.10,WEB01,2
2026-08-31 09:49:14,charlie,10.10.10.13,SQL01,10
2026-08-31 09:56:41,david,10.10.10.13,APP01,2
2026-08-31 10:16:18,bob,10.10.10.12,FILE01,3
2026-08-31 10:19:38,bob,10.10.10.10,DC01,10
2026-08-31 10:24:31,admin,10.10.10.13,WEB01,3
2026-08-31 10:25:02,alice,10.10.10.13,FILE01,2
2026-08-31 10:27:26,bob,10.10.10.13,FILE01,3
2026-08-31 10:34:34,charlie,10.10.10.10,DC01,2
2026-08-31 10:44:06,david,10.10.10.11,WEB01,3
2026-08-31 10:44:46,admin,10.10.10.12,SQL01,2
2026-08-31 10:45:25,alice,10.10.10.13,SQL01,3
2026-08-31 10:45:44,admin,10.10.10.12,FILE01,3
2026-08-31 10:46:54,bob,10.10.10.11,WEB01,2
2026-08-31 10:47:17,charlie,10.10.10.10,DC01,10
2026-08-31 10:48:12,bob,10.10.10.11,DC01,3
2026-08-31 10:49:51,admin,10.10.10.12,SQL01,2
2026-08-31 10:54:55,bob,10.10.10.11,WEB01,3
2026-08-31 10:57:16,admin,10.10.10.12,WEB01,2
2026-08-31 10:57:39,david,10.10.10.11,FILE01,3
2026-08-31 10:59:56,bob,10.10.10.11,WEB01,3
2026-08-31 11:02:37,admin,10.10.10.11,WEB01,3
2026-08-31 11:02:51,bob,10.10.10.12,DC01,3
2026-08-31 11:06:22,bob,10.10.10.11,SQL01,10
2026-08-31 11:15:53,charlie,10.10.10.11,FILE01,10
2026-08-31 11:25:40,charlie,10.10.10.13,SQL01,3
2026-08-31 11:28:56,bob,10.10.10.13,DC01,3
2026-08-31 11:29:21,charlie,10.10.10.12,DC01,10
2026-08-31 11:29:36,alice,10.10.10.12,SQL01,10
2026-08-31 11:31:14,david,10.10.10.12,DC01,2
2026-08-31 11:38:08,admin,10.10.10.13,FILE01,3
2026-08-31 11:39:33,charlie,10.10.10.12,WEB01,3
2026-08-31 11:47:00,david,10.10.10.10,APP01,3
2026-08-31 11:55:14,alice,10.10.10.11,APP01,3
2026-08-31 11:58:29,alice,10.10.10.13,FILE01,3
2026-08-31 12:05:09,charlie,10.10.10.11,FILE01,3
2026-08-31 12:10:10,david,10.10.10.11,SQL01,2
2026-08-31 12:15:45,david,10.10.10.10,APP01,2
2026-08-31 12:18:45,admin,10.10.10.12,FILE01,3
2026-08-31 12:20:59,bob,10.10.10.11,WEB01,3
2026-08-31 12:25:05,admin,10.10.10.12,WEB01,3
2026-08-31 12:25:30,alice,10.10.10.13,DC01,3
2026-08-31 12:29:09,david,10.10.10.11,DC01,3
2026-08-31 12:30:07,charlie,10.10.10.11,DC01,2
2026-08-31 12:30:44,bob,10.10.10.11,DC01,3
2026-08-31 12:30:51,charlie,10.10.10.12,FILE01,3
2026-08-31 12:44:15,david,10.10.10.12,FILE01,3
2026-08-31 12:45:09,david,10.10.10.11,FILE01,3
2026-08-31 12:50:10,alice,10.10.10.10,FILE01,3
2026-08-31 12:51:31,bob,10.10.10.12,SQL01,3
2026-08-31 12:56:41,charlie,10.10.10.10,DC01,3
2026-08-31 13:07:55,david,10.10.10.10,DC01,3
2026-08-31 13:10:34,admin,10.10.10.11,FILE01,10
2026-08-31 13:12:27,david,10.10.10.12,DC01,3
2026-08-31 13:13:28,david,10.10.10.10,APP01,3
2026-08-31 13:15:48,bob,10.10.10.11,FILE01,3
2026-08-31 13:18:12,charlie,10.10.10.11,APP01,2
2026-08-31 13:18:36,charlie,10.10.10.11,DC01,3
2026-08-31 13:24:28,alice,10.10.10.13,SQL01,3
2026-08-31 13:28:39,charlie,10.10.10.11,FILE01,2
2026-08-31 13:31:20,david,10.10.10.13,SQL01,3
2026-08-31 13:32:17,alice,10.10.10.12,SQL01,2
2026-08-31 13:39:14,alice,10.10.10.11,APP01,10
2026-08-31 13:39:15,bob,10.10.10.10,APP01,3
2026-08-31 13:40:10,admin,10.10.10.12,APP01,2
2026-08-31 13:43:20,bob,10.10.10.10,WEB01,3
2026-08-31 13:48:49,david,10.10.10.13,FILE01,3
2026-08-31 13:49:03,alice,10.10.10.11,WEB01,3
2026-08-31 13:56:09,alice,10.10.10.10,FILE01,2
2026-08-31 13:58:26,charlie,10.10.10.10,FILE01,3
2026-08-31 14:01:35,charlie,10.10.10.10,WEB01,3
2026-08-31 14:04:48,charlie,10.10.10.12,WEB01,3
2026-08-31 14:06:15,david,10.10.10.12,DC01,3
2026-08-31 14:16:40,admin,10.10.10.13,APP01,3
2026-08-31 14:17:14,alice,10.10.10.11,WEB01,3
2026-08-31 14:17:44,admin,10.10.10.10,WEB01,10
2026-08-31 14:18:38,david,10.10.10.12,DC01,3
2026-08-31 14:20:54,charlie,10.10.10.10,WEB01,2
2026-08-31 14:21:43,charlie,10.10.10.12,SQL01,10
2026-08-31 14:22:39,david,10.10.10.11,APP01,2
2026-08-31 14:30:06,david,10.10.10.12,FILE01,3
2026-08-31 14:33:31,bob,10.10.10.11,DC01,3
2026-08-31 14:34:30,charlie,10.10.10.12,APP01,3
2026-08-31 14:37:14,alice,10.10.10.12,APP01,10
2026-08-31 14:43:20,alice,10.10.10.13,SQL01,10
2026-08-31 14:46:49,david,10.10.10.13,SQL01,2
2026-08-31 14:47:02,bob,10.10.10.12,DC01,3
2026-08-31 14:52:55,charlie,10.10.10.13,WEB01,10
2026-08-31 14:56:41,alice,10.10.10.11,APP01,10
2026-08-31 15:00:11,bob,10.10.10.11,FILE01,3
2026-08-31 15:01:03,admin,10.10.10.11,DC01,2
2026-08-31 15:05:19,admin,10.10.10.10,FILE01,10
2026-08-31 15:09:29,alice,10.10.10.10,SQL01,3
2026-08-31 15:18:53,alice,10.10.10.13,FILE01,2
2026-08-31 15:20:11,david,10.10.10.12,DC01,3
2026-08-31 15:27:41,alice,10.10.10.11,DC01,3
2026-08-31 15:27:47,bob,10.10.10.10,WEB01,3
2026-08-31 15:27:56,alice,10.10.10.13,SQL01,10
2026-08-31 15:32:31,charlie,10.10.10.11,WEB01,2
2026-08-31 15:36:47,david,10.10.10.12,FILE01,10
2026-08-31 15:36:48,alice,10.10.10.11,SQL01,10
2026-08-31 15:40:06,alice,10.10.10.11,WEB01,3
2026-08-31 15:42:53,bob,10.10.10.12,DC01,3
2026-08-31 15:44:10,bob,10.10.10.10,FILE01,2
2026-08-31 15:49:18,charlie,10.10.10.12,DC01,3
2026-08-31 15:49:24,admin,10.10.10.13,FILE01,3
2026-08-31 15:55:23,charlie,10.10.10.13,WEB01,10
2026-08-31 15:56:02,admin,10.10.10.10,SQL01,3
2026-08-31 15:57:50,david,10.10.10.11,APP01,3
2026-08-31 15:58:02,charlie,10.10.10.11,DC01,3
2026-08-31 15:58:58,david,10.10.10.12,SQL01,3
2026-08-31 16:00:19,bob,10.10.10.12,SQL01,3
2026-08-31 16:06:08,alice,10.10.10.12,FILE01,3
2026-08-31 16:07:05,admin,10.10.10.10,APP01,3
2026-08-31 16:15:54,charlie,10.10.10.12,DC01,3
2026-08-31 16:32:24,admin,10.10.10.11,SQL01,2
2026-08-31 16:38:57,david,10.10.10.13,APP01,3
2026-08-31 16:44:11,bob,10.10.10.12,DC01,3
2026-08-31 16:46:39,charlie,10.10.10.12,FILE01,3
2026-08-31 16:46:44,admin,10.10.10.13,FILE01,3
2026-08-31 16:47:43,alice,10.10.10.13,WEB01,3
2026-08-31 16:47:56,charlie,10.10.10.10,APP01,10
2026-08-31 16:50:15,charlie,10.10.10.13,FILE01,3
2026-08-31 16:50:51,bob,10.10.10.13,FILE01,3
2026-08-31 16:58:11,david,10.10.10.11,WEB01,3
2026-08-31 17:00:33,admin,10.10.10.10,DC01,3
2026-08-31 17:01:30,charlie,10.10.10.13,SQL01,2
2026-08-31 17:06:50,admin,10.10.10.10,DC01,3
2026-08-31 17:10:34,bob,10.10.10.11,DC01,3
2026-08-31 17:14:28,charlie,10.10.10.10,SQL01,3
2026-08-31 17:16:00,bob,10.10.10.11,DC01,3
2026-08-31 17:22:14,david,10.10.10.12,FILE01,3
2026-08-31 17:26:07,admin,10.10.10.12,DC01,2
2026-08-31 17:32:18,david,10.10.10.12,FILE01,2
2026-08-31 17:33:38,bob,10.10.10.13,WEB01,3
2026-08-31 17:35:48,david,10.10.10.11,APP01,3
2026-08-31 17:39:14,alice,10.10.10.10,SQL01,2
2026-08-31 17:40:59,david,10.10.10.13,DC01,3
2026-08-31 17:41:00,charlie,10.10.10.13,SQL01,3
2026-08-31 17:43:47,charlie,10.10.10.13,DC01,10
2026-08-31 17:45:18,alice,10.10.10.10,SQL01,3
2026-08-31 17:51:24,admin,10.10.10.10,FILE01,3
2026-08-31 17:51:54,charlie,10.10.10.12,SQL01,3
2026-08-31 17:56:48,david,10.10.10.12,WEB01,3
2026-08-31 17:58:06,david,10.10.10.11,SQL01,10
2026-08-31 17:59:56,alice,10.10.10.10,SQL01,2
2026-08-31 18:00:48,bob,10.10.10.11,APP01,3
2026-08-31 18:03:02,admin,10.10.10.13,WEB01,2
2026-08-31 18:04:33,david,10.10.10.12,APP01,3
2026-08-31 18:09:31,alice,10.10.10.13,DC01,3
2026-08-31 18:10:07,david,10.10.10.13,SQL01,3
2026-08-31 18:14:43,charlie,10.10.10.10,SQL01,3
2026-08-31 18:15:19,bob,10.10.10.13,DC01,2
2026-08-31 18:18:35,alice,10.10.10.12,WEB01,10
2026-08-31 18:20:01,david,10.10.10.11,DC01,3
2026-08-31 18:22:51,bob,10.10.10.12,APP01,3
2026-08-31 18:23:10,david,10.10.10.12,SQL01,3
2026-08-31 18:28:02,alice,10.10.10.11,APP01,3
2026-08-31 18:29:58,admin,10.10.10.11,DC01,3
2026-08-31 18:30:58,charlie,10.10.10.11,APP01,3
2026-08-31 18:33:49,charlie,10.10.10.10,DC01,3
2026-08-31 18:33:57,alice,10.10.10.13,FILE01,3
2026-08-31 18:38:55,admin,10.10.10.11,FILE01,2
2026-08-31 18:38:55,alice,10.10.10.12,DC01,2
2026-08-31 18:38:58,bob,10.10.10.12,APP01,10
2026-08-31 18:44:17,admin,10.10.10.10,APP01,2
2026-08-31 18:47:03,charlie,10.10.10.10,APP01,10
2026-08-31 18:49:20,david,10.10.10.12,SQL01,3
2026-08-31 18:49:37,admin,10.10.10.13,WEB01,10
2026-08-31 18:51:52,admin,10.10.10.12,FILE01,2
2026-08-31 18:56:33,admin,10.10.10.12,FILE01,10
2026-08-31 18:58:30,bob,10.10.10.10,FILE01,3
